-6.800585580696417,7.975273397863196
-6.650301869082488,7.663459929905932
-6.508083831700838,7.3677057313078125
-6.368710155066821,7.077866616681655
-6.232123951965484,6.791530284348022
-6.098269472926174,6.510920678661062
-5.96709208346765,6.235923265087841
-5.838538241798297,5.966425799786085
-5.71255547696233,5.702318283790363
-5.589092367423083,5.443492918114555
-5.465472520074621,5.1898440597522635
-5.344325069673128,4.941268178557218
-5.225600568279665,4.690406814986074
-5.109250556914072,4.444562678686352
-4.99522754577579,4.2036354251126244
-4.883484994860273,3.967526716610372
-4.773977294963068,3.736140182278165
-4.658799749063806,3.5093813786326016
-4.545925754082529,3.28715775105995
-4.435309239000879,3.069993596038751
-4.326905054220861,2.857172724117976
-4.220668953136443,2.6486082696356164
-4.116557574073714,2.444215104242904
-4.01452842259224,2.2439098021580457
-3.918083854140395,2.0476106061148847
-3.823568177057587,1.855237393992587
-3.7309428135164353,1.668213646112735
-3.6401699572461066,1.4849303731904802
-3.5512125581011844,1.3053127657266703
-3.4640343069391606,1.1292875104121367
-3.3785996208003772,0.956782760203894
-3.2881686283843696,0.7877281049998162
-3.1995462558166823,0.6220545428998198
-3.1126963307003486,0.4556154520418233
-3.0275834040863416,0.2925051430009868
-2.9441727360046146,0.13265704014096705
-2.862430281284522,-0.02399410066185231
-2.7844366756588315,-0.17751221864861527
-2.708002942145655,-0.327959974275643
-2.6330978833027414,-0.4718547747901301
-2.5596909256366867,-0.6128716792943275
-2.487752107123953,-0.7510682457084409
-2.4172520649814735,-0.886500880794272
-2.348162023681844,-1.0192248631783865
-2.283402783208207,-1.1492943659148187
-2.2199387275440428,-1.2736214785965223
-2.157743952993162,-1.395462049024592
-2.096793073933299,-1.5148658080441
-2.037061212454633,-1.631881491883218
-1.9785239882055403,-1.7465568620455536
-1.9211575084414296,-1.8589387248046425
-1.878046358272601,-1.9690729503085498
-1.835797431107149,-2.0824924913023786
-1.7943934824850059,-2.1936436414763305
-1.7538176128353056,-2.3025717686468035
-1.7140532605785994,-2.409321333273867
-1.6750841953670272,-2.5139359066083893
-1.6368945114596867,-2.616458188476221
-1.6029126212304927,-2.7171450247066966
-1.5696103688058827,-2.8158181242125626
-1.536974161429765,-2.9125177617283113
-1.5049906782011695,-3.007283406493745
-1.473646864637146,-3.10015373836387
-1.4429299273444027,-3.1911666635965927
-1.4044153287975147,-3.2803593303246608
-1.3666710222215646,-3.3677681437181675
-1.3296816017771333,-3.451946780843804
-1.2934319697415908,-3.5344418452269273
-1.257907330346759,-3.6152870083223885
-1.2230931837398238,-3.6945152681559406
-1.1889753200650273,-3.7721589627928216
-1.1476598136637268,-3.8482497835369647
-1.1071706173904523,-3.927134787866225
-1.0674912050426433,-4.0044420921089
-1.0286053809417903,-4.080203250266723
-0.9904972733229545,-4.154449185261389
-0.9531513278564954,-4.2272102015561615
-0.9177593012993654,-4.298515997525039
-0.8830751152733781,-4.368395677574538
-0.8490846129679105,-4.435310764023048
-0.8157739207085523,-4.500887548742587
-0.7831294422943812,-4.565152797767736
-0.7511378534484935,-4.628132741812381
-0.7197860963795236,-4.689853086976134
-0.6890613744519332,-4.750339025236611
-0.6553671469628944,-4.809615244731879
-0.6223468040236365,-4.867705939837242
-0.5899868679431638,-4.917017821040497
-0.5582741305843005,-4.9653434646196875
-0.5271956479726145,-5.012702595327294
-0.49673873501316224,-5.0591145434207485
-0.46689096031289895,-5.104598252552334
-0.380791141106641,-5.149172287501288
-0.2964133182845081,-5.192854841751262
-0.21372305191881794,-5.241541744916238
-0.13268659088044157,-5.289254910017914
-0.053270859062832736,-5.336013811817557
0.02455655811842393,-5.381837535581206
0.10082742695605545,-5.426744784869583
0.19681087841693437,-5.470753889172192
0.2908746608485957,-5.513882811388749
0.38305716763162384,-5.556933155160975
0.4733960242789914,-5.599122492057756
0.5619281037934115,-5.640468042216601
0.6486895417175432,-5.68098668137227
0.7337157508831923,-5.720694947744825
0.8170414358655284,-5.759609048789929
0.9262256071482178,-5.797744867814131
1.0332260950052534,-5.835117970457849
1.1380865731051484,-5.866456611048692
1.2408498416430456,-5.8971684788277186
1.3415578448101848,-5.927266109251164
1.4402516879139813,-5.956761787066141
1.5369716541557017,-5.985667551324819
1.6317572210725877,-6.013995200298322
1.7579420766511358,-6.041756296292356
1.8816032351181131,-6.07384517036651
2.0027911704157506,-6.10529226695918
2.1215553470074355,-6.136110421619996
2.2379442400672866,-6.166312213187597
2.352005355265941,-6.1959099689238455
2.463785248160622,-6.224915769545369
2.5780325431974096,-6.253341454154462
2.6899948923334613,-6.281198625071373
2.7997179944867923,-6.308498652569946
2.9072466345970565,-6.335252679518548
3.012624701905115,-6.361715625928177
3.115895207867013,-6.3876493134096135
3.2260193037096725,-6.413064327141422
3.333940917635479,-6.437971040598594
3.439704099282769,-6.462379619786622
3.543352017297113,-6.48630002739089
3.6449269769511705,-6.504986026843072
3.7444704374121467,-6.523298306306211
3.8508020286639035,-6.541244340180087
3.9550069880906253,-6.558831453376484
4.057127848328813,-6.576066824308954
4.157206291362236,-6.592957487822775
4.255283165534991,-6.61067733806632
4.351398502224291,-6.628042791304994
4.445591532179805,-6.645060935478894
4.537900701536209,-6.6617387167693165
4.628363687505485,-6.67808294243393
4.717017413755375,-6.694100283585251
4.797148065480267,-6.709797277913546
4.875676104170662,-6.720964332355276
4.952633582087248,-6.731908045708171
5.0280519104455035,-6.742632884794008
5.101961872236593,-6.753143227098128
5.174393634791862,-6.763443362556166
5.245376762096025,-6.773537495305043
5.327923226854105,-6.782745745398943
5.408818762317023,-6.791769830490964
5.488096387070683,-6.8006134338811455
5.565788459329269,-6.809280165203523
5.641926690142684,-6.817773561899453
5.71654215633983,-6.826097090661464
5.7896653132130345,-6.834254148848235
5.840651006948774,-6.843455065871271
5.890616986809799,-6.852471964553846
5.9395836470736025,-6.8613085252627695
5.98757097413213,-6.869968354757515
6.034598554649488,-6.878454987662366
6.080685583556498,-6.886771887909119
6.125850871885368,-6.894922450150937
6.1237068544476605,-6.902910001147919
6.121605717358707,-6.919644801124961
6.119546603011533,-6.936044905102462
6.117528670951302,-6.952117007000413
6.115551097532276,-6.967867666860405
6.113613075581631,-6.983303313523197
6.038460814069998,-6.998430247252733
5.964811597788597,-7.007156642307678
5.892635365832826,-7.0157085094615255
5.821902658516169,-7.024089339272296
5.752584605345846,-7.03230255248685
5.684652913238929,-7.040351501437113
5.61807985497415,-7.048239471408372
5.459878257874667,-7.055969681980205
5.304840692717174,-7.065651288340601
5.152903878862831,-7.0751392625737894
5.004005801285574,-7.0844374773223135
4.858085685259863,-7.0935497277758675
4.715083971554666,-7.10247973322035
4.5749422921235725,-7.111231138555943
4.472568446281101,-7.119807515784824
4.372242077355478,-7.130762365469129
4.273922235808369,-7.141498118159746
4.1775687910922015,-7.152019155796552
4.083142415270357,-7.162329772680621
3.99060456696495,-7.172434177227009
3.8999174756256507,-7.182336493682469
3.8110441261131376,-7.19204076380882
3.743876243590875,-7.1943259485326445
3.678051718719057,-7.196565429561992
3.613543684344676,-7.198760120970753
3.5503258106577826,-7.200910918551338
3.488372294444627,-7.203018700180311
3.4276578485557345,-7.2050843261767055
3.36815769158462,-7.207108639653172
3.2802405377529276,-7.209092466860109
3.194081726997869,-7.214477617522906
3.109646092457912,-7.219755065172448
3.026899170608754,-7.224926963868999
2.945807187196579,-7.2299954245916185
2.8663370434526474,-7.234962516099786
2.7884563025835947,-7.23983026577779
2.712133176531923,-7.244600660462234
2.6396385130012847,-7.252439647252991
2.568593742741259,-7.260121854307932
2.498969867886434,-7.267650417221774
2.430738470528705,-7.275028408877339
2.363871701118131,-7.282258840699793
2.2983422670957685,-7.289344663885798
2.2524694217538532,-7.293676770608082
2.2075140333187764,-7.29792223519592
2.163457752652401,-7.302082790492002
2.120282597599353,-7.306160134682162
2.0779709456473663,-7.310155931988518
2.036505526734419,-7.314071813348748
1.9958694161997308,-7.317909377081773
1.9560460278757363,-7.3216701895401375
1.9167191073182217,-7.327832785749335
1.8781787251718574,-7.333872130034348
1.8404091506684204,-7.339790687433661
1.803394967655052,-7.345590873684988
1.7671210683019511,-7.351275056211288
1.7315726469359123,-7.356845555087062
1.6967351939971942,-7.362304643985321
1.6683324901172505,-7.360956551105614
1.6404978403149055,-7.359635420083502
1.6132198835086076,-7.358340711681832
1.5864874858384355,-7.357071897448195
1.5602897361216668,-7.355828459499231
1.5346159413992335,-7.354609890309247
1.509455622571249,-7.353415692503062
1.484798510119824,-7.352245378653
1.4562155399174277,-7.35510247107994
1.4282042291190793,-7.357902421658341
1.4007531445366979,-7.360646373225174
1.373851081645964,-7.363335445760671
1.3474870600130446,-7.3659707368454574
1.3216503188127837,-7.368553322108548
1.285612312436528,-7.372791255666377
1.2502950661877974,-7.37694443055305
1.2156841648640413,-7.3810145419419895
1.1817654815667604,-7.38500325110315
1.148525171935425,-7.388912186081087
1.1159496684967165,-7.392742942359465
1.084025675126782,-7.396497083512276
1.0527401616242462,-7.400176141842031
1.0220803583917613,-7.403781619005191
0.9920337512239259,-7.407314986625087
0.9625880761994474,-7.410777686892585
0.9337313146754584,-7.414171133154733
0.9054516883819493,-7.417496710491639
0.8777376546143104,-7.420755776281806
0.8505779015220243,-7.42394966075617
0.8239613434915838,-7.427079667541047
0.7953721166217522,-7.426638074190227
0.7673546742893173,-7.426205312706423
0.739897580803531,-7.425781206452295
0.7129896291874604,-7.425365582323249
0.6866198366037113,-7.424958270676785
0.6607774398716372,-7.42455910526325
0.6354518910742045,-7.424167923157985
0.6106328532527205,-7.423784564694826
0.5863101961876662,-7.42353687340093
0.562473992263913,-7.423294135932911
0.5391145124186348,-7.423056253214253
0.5162222221702623,-7.422823128149968
0.493787777726857,-7.422594665586969
0.4718020221723198,-7.4223707722752295
0.4502559817288734,-7.422151356829725
0.42914086209429586,-7.425312329693131
0.40844804485240993,-7.428410083099269
0.3881690839553617,-7.431445881437284
0.3896587022762545,-7.434420963808539
0.3911185282307294,-7.437336544532369
0.3925491576661148,-7.440193813641722
0.39395117451279255,-7.442993937368888
0.3953251510225367,-7.445738058621511
0.39667164800208593,-7.448427297449081
0.3979912150420442,-7.4535767515001
0.3992843907412033,-7.458623216470099
0.40055170292637926,-7.463568752140698
0.40179366886785167,-7.468415377097885
0.4030107954904946,-7.473165069555928
0.40420357958068476,-7.47781976816481
0.4053725079890711,-7.482381372801514
0.4065180578292897,-7.481065745345484
0.4076406966727039,-7.479776430438575
0.40874088273924986,-7.478512901829803
0.40981906508446486,-7.477274643793207
0.40252068378277556,-7.476061150917343
0.39536827010712,-7.474871927898996
0.3883589047049776,-7.473706489341017
0.381489726610878,-7.472564359554196
0.3747579320786604,-7.471445072363113
0.3681607734370872,-7.470348170915851
0.3616955579683454,-7.469273207497534
0.35535964680897847,-7.468219743347584
0.34915045387279886,-7.467187348480632
0.34306544479534284,-7.466175601511019
0.33710213589943594,-7.4651840894807995
0.33125809318144717,-7.464212407691184
0.3255309313178182,-7.46326015953736
0.3199183126914618,-7.4623269563466135
0.31441794643763255,-7.461412417219681
0.3090275875088799,-7.460516168875287
0.30374503575870226,-7.459637845497782
0.2985681350435282,-7.458777088587826
0.2959237723426576,-7.4630045468160695
0.2933322968958044,-7.467147455879748
0.2907926509578883,-7.471207506762153
0.2883037979387305,-7.475186356626909
0.2858647219799559,-7.479085629494371
0.28347442754035673,-7.482906916904483
0.2811319389895496,-7.486651778566393
0.2788363002097586,-7.490321742995064
0.2765865742055634,-7.493918308135163
0.27438184272145205,-7.4974429419724595
0.267501205867023,-7.498875083133011
0.2607581817496825,-7.500278581470351
0.2541500181146889,-7.501654009840944
0.24767401775239511,-7.503001929644126
0.24132753739734722,-7.5043228910512445
0.23510798664940027,-7.50561743323022
0.22901282691641228,-7.506886084565616
0.22303957037808403,-7.508129362874303
0.21718577897052235,-7.509347775616818
0.2114490633911119,-7.505146820104482
0.2134760821232897,-7.501029883702393
0.2154625604808239,-7.496995286028345
0.21740930927120744,-7.493041380307779
0.2193171230857833,-7.489166552701624
0.22118678062406766,-7.485369221647592
0.22301904501158631,-7.48164783721464
0.2248146641113546,-7.478000880470348
0.2265743708291275,-7.474426862860941
0.22341588341254498,-7.472846325603722
0.2203205657442941,-7.471297399091648
0.21728715442940824,-7.469779451109814
0.2143144113408201,-7.468291862087618
0.21140112311400372,-7.466834024845865
0.20854610065172366,-7.465405344348948
0.20574817863868922,-7.464005237461969
0.20300621506591546,-7.46263313271273
0.20031909076459717,-7.461288470058475
0.1863277089493052,-7.458935700657307
0.17261615477031908,-7.456629986644161
0.15917883167491267,-7.454370386911279
0.1460102550414144,-7.452155979173054
0.13310504994058614,-7.449985859589593
0.12045794894177442,-7.447859142397802
0.10806378996293893,-7.4519299595498465
0.10913751416368017,-7.45591936035885
0.11018976388040658,-7.459828973151674
0.11122096860279845,-7.463660393688641
0.1122315492307425,-7.467415185814868
0.11322191824612765,-7.471094882098571
0.1141924798812051,-7.4747009844566
0.11514363028358099,-7.478234964767468
0.12127875767790937,-7.477897265472119
0.1272911825243512,-7.477566320162677
0.13318335887386418,-7.477241993759424
0.1389576916963869,-7.476924153884236
0.14461653786245915,-7.476612670806552
0.15016220710520994,-7.476307417390421
0.15559696296310574,-7.476008269042613
0.15942102370384362,-7.479516103661761
0.16316860322976676,-7.4829537815885265
0.1668412311651714,-7.4863227059567565
0.17044040654186798,-7.489624251837622
0.17396759841103063,-7.49285976680087
0.17742424644281002,-7.496030571464853
0.1808117615139538,-7.499137960035557
0.18413152628367474,-7.502103200834846
0.17570389575800127,-7.505009136818148
0.16744481784284126,-7.507856954081785
0.15935092148598445,-7.51064781500015
0.1514189030562648,-7.5133828587001465
0.1436455249951395,-7.516063201526143
0.13602761449523673,-7.51868993749562
0.128562062205332,-7.521264138745708
0.14123382096122536,-7.5272708559707935
0.15365214454200085,-7.533157438851378
0.16582210165116085,-7.53892629007435
0.17774865961813763,-7.544579764272863
0.18943668642577488,-7.550120168987406
0.20089095269725937,-7.555549765607658
0.2121161336433142,-7.560870770295505
0.22311681097044792,-7.559000354889595
0.22272447475103896,-7.557167347791803
0.22233998525601817,-7.555371000835967
0.2219631855508978,-7.553610580819248
0.22159392183987986,-7.551885369202863
0.22123204340308225,-7.550194661818806
0.2208774025350206,-7.54853776858243
0.2205298544843202,-7.544932013210782
0.22122425739463378,-7.541398372946567
0.2219047722467411,-7.5379354054876355
0.22257167680180626,-7.534541697377883
0.22322524326577012,-7.531215863430326
0.2238657384004547,-7.52795654616172
0.2244934236324456,-7.524762415238486
0.22510855515979666,-7.521632166933717
0.22689838405660073,-7.525377523595043
0.22865241637546874,-7.5290479731231414
0.23037136804795938,-7.532645013660678
0.2320559406870002,-7.536170113387465
0.2337068218732602,-7.539624711119716
0.235324685435795,-7.543010216897321
0.23691019172707908,-7.542899012559374
0.2389709878925375,-7.5427900323081865
0.24099056813468678,-7.542683231662022
0.24296975677199306,-7.542578567028782
0.2449093616365532,-7.542475995688206
0.24681017440382214,-7.542375475774442
0.2486729709157457,-7.542276966258953
0.2504985114974308,-7.539091426933774
0.2497505412674822,-7.5359695983950985
0.24901753044213254,-7.532910206427196
0.2482991798332899,-7.529912002298652
0.2475951962366241,-7.52697376225268
0.24690529231189162,-7.524094287007626
0.24622918646565378,-7.521272401267474
0.2455666027363407,-7.518359953242125
0.24020627068161388,-7.5155057541772825
0.23495314526798158,-7.512708639093737
0.22980508236262195,-7.5099674663118625
0.2247599807153695,-7.5072811169856255
0.21981578110106212,-7.504648494645913
0.21497046547904086,-7.502068524752995
0.21474105616946004,-7.4950961542579355
0.21451623504607084,-7.488263231172777
0.21429591034514942,-7.481566966549321
0.2140799921382464,-7.475004627218335
0.2138683922954815,-7.468573534673968
0.21366102444957186,-7.462271063980489
0.21345780396058042,-7.469105642700879
0.21132464788136882,-7.4758035298468615
0.20923415492374145,-7.482367459249924
0.20718547182526664,-7.488800110064926
0.20517776238876131,-7.495104107863628
0.20321020714098612,-7.501282025706356
0.2012820029981664,-7.507336385192229
0.1993923629382031,-7.512594657488384
0.20357051567943904,-7.5177477643386155
0.20766510536585028,-7.522797809051843
0.2116778032585333,-7.527746852870806
0.21561024719336264,-7.532596915813389
0.2194640422494954,-7.537349977497121
0.2232407614045055,-7.542007977947179
0.2269419461764154,-7.541861818388235
0.2320881072528871,-7.54171858202047
0.23713134510782935,-7.541578210380061
0.24207371820567278,-7.54144064617246
0.24691724384155933,-7.541305833249011
0.2516638989647281,-7.54117371658403
0.2563156209854336,-7.541044242252349
0.2608743085657249,-7.536309357407302
0.26471782239441044,-7.531669170259156
0.26848446594652225,-7.527121786853973
0.27217577662759185,-7.522665351116894
0.27579326109504004,-7.518298044094556
0.2793383958731393,-7.514018083212665
0.2828126279556765,-7.509823721548412
0.287064375396563,-7.505270247117444
0.2912310878886317,-7.500807842175096
0.2953144661308591,-7.496434685331594
0.2993161768082419,-7.492148991624962
0.3032378532720771,-7.487949011792463
0.30708109620663554,-7.483833031556615
0.31084747428250287,-7.479799370925483
0.32314252479685285,-7.480345383506974
0.3351916743009158,-7.480880475836836
0.3469998408148975,-7.4814048663201
0.35857184399859954,-7.481918768993698
0.36991240711862755,-7.482422393613825
0.381026158976255,-7.482915945741549
0.3678736357967299,-7.484658626826718
0.3549841630807952,-7.4863664542901835
0.34235247981917927,-7.48804012520438
0.3299734302227956,-7.489680322700292
0.31784196161833966,-7.491287716246286
0.30595312238597283,-7.49286296192136
0.2943020599382533,-7.494406702682933
0.2828840187394882,-7.495919568629274
0.24191533836469847,-7.495583177256689
0.20176603159740453,-7.495253513711556
0.16241971096545646,-7.494930443437325
0.12386031674614735,-7.494613834568579
0.08607211041122441,-7.494303557877208
0.04903966820299993,-7.493999486719664
0.012747874838939943,-7.493701496985271
-0.04919608265783884,-7.497990467045566
-0.10990116100468206,-7.502193657704655
-0.16939213778458842,-7.506312784550563
-0.22769329502889665,-7.510349528859551
-0.2848284291283187,-7.514305538282361
-0.3408208605457523,-7.518182427516714
-0.4241654433348372,-7.52198177896638
-0.5058431344681404,-7.5171881433870515
-0.5858872717787776,-7.512490380519311
-0.6643305263432021,-7.507886572908925
-0.7412049158163381,-7.503374841450746
-0.8165418175000113,-7.498953344621731
-0.8903719811500111,-7.494620277729297
-1.000292541527011,-7.495596872174711
-1.1080146906964707,-7.496553934731217
-1.2135823968825412,-7.497491856036594
-1.3170387489448905,-7.498411018915863
-1.4184259739659926,-7.499311798537546
-1.5177854544866727,-7.500194562566795
-1.6151577453969392,-7.50105967131546
-1.7133515904890002,-7.501260477889151
-1.80958155867922,-7.501457268331368
-1.9038869275056356,-7.501650122964741
-1.996306188955523,-7.501839120505447
-2.086877065176412,-7.502024338095338
-2.1756365238728836,-7.502205851333431
-2.262620793395426,-7.502383734306763
-2.3478653775275173,-7.502558059620628
-2.451393069976967,-7.504107898428216
-2.552850208577427,-7.505626740459651
-2.6522782044058784,-7.507115205650458
-2.7497176403177606,-7.508573901537449
-2.8452082875114053,-7.5100034235067
-2.938789121761177,-7.511404355036566
-3.0304983393259532,-7.512777267935835
-3.1400583725394338,-7.510273722577118
-3.2474272050886452,-7.507820248125576
-3.3526486609868718,-7.505415843163064
-3.4557656877671343,-7.503059526299802
-3.5568203740117914,-7.500750335773806
-3.6558539665315557,-7.49848732905833
-3.7529068872009246,-7.496269582477163
-3.790318749456906,-7.49719819082762
-3.8269823744677676,-7.498108227011068
-3.8629127269784123,-7.499000062470847
-3.8981244724388437,-7.49987406122143
-3.9326319829900673,-7.500730579997001
-3.931359343330266,-7.504686968397062
-3.9301121564636605,-7.50856422902912
-3.9288899133343875,-7.512363944448538
-3.9276921150676998,-7.516087665559567
-3.9265182727663457,-7.5197369122483755
-3.925367907311019,-7.523313174003408
-3.9242405491647983,-7.52681791052334
-3.891829738181502,-7.528889552312873
-3.8600671434178717,-7.530919761266616
-3.828939800549514,-7.532909366041284
-3.7984350045385233,-7.534859178720458
-3.7685403044477526,-7.536769995146049
-3.7392434983587974,-7.538642595243128
-3.7016576283916214,-7.539118743338266
-3.664823475823789,-7.539585368471501
-3.6287260063073132,-7.540042661102071
-3.593350486181167,-7.540490807880031
-3.5586824764575433,-7.540929991722431
-3.5247078269283922,-7.541360391887983
-3.4914126703898245,-7.5417821840502235
-3.4239004169820277,-7.543530540369219
-3.357738408642387,-7.545243929561835
-3.292899640469539,-7.546923050970598
-3.229357647660148,-7.548568589951186
-3.1670864947069446,-7.550181218152162
-3.1060607648128054,-7.551761593789119
-3.0462555495165486,-7.553310361913336
-2.9817524385262177,-7.55422515467507
-2.9185393897556935,-7.555121651581568
-2.85659060196058,-7.556000218549936
-2.7958807899213682,-7.556861214178937
-2.736385174122941,-7.557704989895359
-2.678079470640482,-7.558531890097451
-2.6209398812276725,-7.559342252295502
-2.5671210836031193,-7.559249407249592
-2.514378661931057,-7.5591584191046
-2.4626910886924356,-7.559069250722508
-2.412037266918587,-7.558981865708057
-2.3623965215802154,-7.558896228393896
-2.3137485911486113,-7.558812303826017
-2.266073619325639,-7.5587300577494965
-2.2193521469391264,-7.558649456594506
-2.1624241040003436,-7.560444467462616
-2.1066346219203362,-7.562203578113364
-2.0519609294819294,-7.563927506551097
-1.9983807108922906,-7.565616956420075
-1.9458720966744447,-7.567272617291674
-1.8944136547409558,-7.5688951649458405
-1.8439843816461365,-7.570485261646923
-1.798822694013214,-7.572043556413985
-1.7545642401329498,-7.570796685285705
-1.7111909553302909,-7.569574751579991
-1.668685136223685,-7.568377256548391
-1.6270294334992113,-7.567203711417424
-1.586206844829227,-7.566053637189075
-1.5462007079326425,-7.564926564445294
-1.5087736937739895,-7.563822033156388
-1.4720952198985096,-7.56337959249326
-1.4361503155005393,-7.562946000643395
-1.4009243091905283,-7.5625210806305265
-1.3664028230067178,-7.5621046590179155
-1.3325717665465833,-7.561696565837557
-1.2994173312156514,-7.561296634520805
-1.2669259845913383,-7.560904701830389
-1.2279594648995116,-7.562494607793782
-1.1897722756015214,-7.564052715637906
-1.152348830089491,-7.565579661325147
-1.1156738534877013,-7.567076068098644
-1.0797323764179474,-7.568542546736671
-1.0445097288895884,-7.569979695801937
-1.0128205343117964,-7.571388101885898
-0.9817651236255605,-7.56871233984818
-0.9513308211530492,-7.566090093051217
-0.9215052047299882,-7.563520291190193
-0.8922761006353884,-7.56100188536639
-0.8636315786226806,-7.558533847659063
-0.835559947050227,-7.556115170705882
-0.8084127481092224,-7.555546867291763
-0.7818084931470378,-7.554989929945928
-0.755736323284097,-7.55444413134701
-0.730185596818415,-7.553909248720069
-0.7051458848820467,-7.553385063745668
-0.6806069671844057,-7.552871362470754
-0.6565588278407175,-7.552367935221339
-0.6366846512839032,-7.551874576516912
-0.617207958258225,-7.546208084986574
-0.5981207990930606,-7.540654923286843
-0.5794153831111993,-7.535212824821107
-0.5610840754489753,-7.529879568324685
-0.5431193939399959,-7.524652976958192
-0.5255140060611959,-7.519530917419028
-0.502917725939972,-7.521436299070648
-0.4807733714211725,-7.523303573089235
-0.45907190399274905,-7.52513350162745
-0.43780446591289407,-7.526926831594901
-0.4169623765946362,-7.528684294963003
-0.39653712906274347,-7.530406609063743
-0.3765203864814886,-7.532094476882468
-0.36478397875185875,-7.534695587344819
-0.3532822991768215,-7.537244675597924
-0.34201065319328505,-7.539742782085965
-0.3309644401294193,-7.542190926444246
-0.32013915132683085,-7.544590107915362
-0.3095303683002942,-7.546941305757056
-0.29575276093428826,-7.545149479641914
-0.28225070571560246,-7.543393490049076
-0.2690186916012904,-7.541672620248094
-0.25605131776926454,-7.539986167843132
-0.24334329141387925,-7.538333444486269
-0.23088942558560166,-7.536713775596543
-0.21121663707388963,-7.535126500084612
-0.19193730433241182,-7.53375097008292
-0.1730435582457636,-7.532402950681262
-0.15452768708084832,-7.531081891667637
-0.13638213333923135,-7.529787253834284
-0.1185994906724467,-7.528518508757599
-0.10117250085899775,-7.527275138582447
-0.08409405084181777,-7.526056635810798
-0.0741301698249814,-7.529058503094583
-0.06436556642848175,-7.532000333032692
-0.054796255099912095,-7.5348833263720385
-0.04541832999791384,-7.537708659844598
-0.03622796339795556,-7.540477486647706
-0.02722140412999644,-7.543190936914753
-0.018394976047396493,-7.545850118176459
-0.008758076526448551,-7.544240115812929
0.0006860850040804316,-7.54266231349667
0.009941363303998835,-7.541116067226737
0.01901153603791887,-7.539600745882202
0.027900305317160503,-7.538115730964559
0.03661129921081731,-7.536660416345267
0.04860007322660097,-7.535234208018362
0.060349071762068954,-7.531682523857995
0.07186309032682758,-7.528201873380836
0.08314682852029105,-7.52479083591322
0.09420489194988525,-7.521448019194956
0.10504179411088757,-7.518172058811058
0.11566195822866984,-7.514961617634838
0.12606971906409645,-7.511815385282142
0.13169032468281452,-7.508592077576499
0.13719851818915826,-7.505433236024969
0.14259654782537512,-7.50233757130447
0.14788661686886764,-7.4993038198783815
0.15307088453149031,-7.496330743480814
0.15815146684086054,-7.493417128611198
0.15946643750404332,-7.490561786038975
0.16075510875396248,-7.486776550318196
0.16201800657888327,-7.483067019311833
0.1632556464473056,-7.4794316789255975
0.1644685335183595,-7.475869045347086
0.1656571628479923,-7.472377664440145
0.1668220195910325,-7.468956111151343
0.16796357919921184,-7.465602988928317
0.1741133076152276,-7.471595929149751
0.18014004146292306,-7.477469010566756
0.1860462406336646,-7.48322463035542
0.1918343158209913,-7.488865137748312
0.19750662950457148,-7.494392834993346
0.20306549691448006,-7.499809978293479
0.20851318697619045,-7.50511877872761
0.21768792323666664,-7.510321403153058
0.2266791647719333,-7.507187975089996
0.23549058147649465,-7.504117215588196
0.24412576984696477,-7.5011078712764325
0.2525882544500255,-7.498158713850904
0.260881489361025,-7.495268539573886
0.26900885957380455,-7.492436168782409
0.2769736823823285,-7.489660445406761
0.27514820873468193,-7.488862236498626
0.2733592445599883,-7.488079991768654
0.27160605966878854,-7.487313391933281
0.26988793847541276,-7.486562124094616
0.2682041797059045,-7.485825881612723
0.2665540961117864,-7.4851043639804695
0.2649370141895506,-7.484397276700861
0.2688872739057596,-7.479940331166844
0.2727585284276444,-7.475572524543508
0.2765523578590915,-7.471292074052638
0.28027031070190966,-7.467097232571585
0.28391390448787146,-7.462986287920153
0.287484626398114,-7.458957562161751
0.2909839338701517,-7.455009410918516
0.29441325519274864,-7.451140222700146
0.29777399008889366,-7.443584418246143
0.30106751028711576,-7.4361797298812204
0.3042951600813734,-7.428923135283596
0.30745825687974593,-7.421811672577924
0.310558091742151,-7.414842439126366
0.31359592990730795,-7.408012590343838
0.31657301130916177,-7.401319338536961
0.3185665510829786,-7.402819951766222
0.3205202200613191,-7.404290552730898
0.32243481566009274,-7.405731741676281
0.32431111934689094,-7.407144106842756
0.32614989695995317,-7.408528224705901
0.32795189902075417,-7.409884660211784
0.3297178610403391,-7.411213967007549
0.32639450381953233,-7.413351687667398
0.3231376137431417,-7.41544665391405
0.31994586146827886,-7.417499720835769
0.3168179442389133,-7.419511726419054
0.313752585354135,-7.421483491890673
0.3107485336470523,-7.42341582205286
0.30780456297411124,-7.425309505611803
0.304919471714629,-7.429771315499567
0.31007208228033645,-7.434143889189575
0.31512164063472975,-7.438429011405783
0.32007020782203516,-7.442628431177668
0.3249198036655945,-7.446743862554114
0.3296724075922826,-7.4507769853030315
0.334329959440437,-7.45472944559697
0.3388943602516283,-7.458602856685031
0.3402214730465958,-7.459772799551331
0.3415220435856639,-7.460919343560304
0.3427966027139507,-7.462042956689098
0.34404567065967173,-7.4631440975553165
0.34526975724647835,-7.4642232156042105
0.34646936210154883,-7.465280751292126
0.3476449748595179,-7.466317136266284
0.34879707536232757,-7.463963793540958
0.360269133855081,-7.461657517670139
0.3715117511779794,-7.459397367316737
0.3825295161544198,-7.457182419970403
0.39332692583133144,-7.455011771570995
0.4039083873147048,-7.4528845361395755
0.4142782195684107,-7.4507998454167845
0.4244406551770425,-7.448756848508449
0.4855488420735017,-7.44678171153828
0.5454348652320317,-7.444846077307515
0.604123167927391,-7.442949155761365
0.6616377045688431,-7.441090172646138
0.7180019504774662,-7.439268369193216
0.7732389114679168,-7.437483001809352
0.8273711332385584,-7.435733341773165
0.8989097105737872,-7.435925674937702
0.9690175163623115,-7.436114161438948
1.0377231660350654,-7.436298878210169
1.1050547027143642,-7.436479900645966
1.171039608660077,-7.436657302633047
1.2357048164868754,-7.436831156580386
1.2990767201571378,-7.437001533448778
1.3593741857539952,-7.439845502779803
1.4184657020389153,-7.442632592724207
1.476375387998137,-7.445363940869724
1.5331268802381741,-7.44804066205233
1.5887433426334105,-7.450663848811284
1.6432474757807423,-7.4532345718350586
1.6966615262651275,-7.455753880398358
1.7490072957398248,-7.458222802790392
1.7914911498250283,-7.452367346734584
1.8331253268285277,-7.446628999799892
1.873926820291957,-7.441005419803894
1.9139122838861178,-7.435494311407816
1.9530980382083953,-7.43009342517966
1.9915000774442275,-7.424800556676066
2.029134075895343,-7.4196135455425445
2.066015394377436,-7.4145302746316935
2.0963440864898875,-7.40707966913906
2.1260662047600896,-7.39977807575628
2.155193880664888,-7.392622514241155
2.18373900305159,-7.3856100639563325
2.2117132229905585,-7.378737862677206
2.239127958530747,-7.372003105423663
2.251576399360132,-7.36540304331519
2.2637758713729297,-7.368583982448887
2.275731353945471,-7.371701302799909
2.287447726866562,-7.374756276743911
2.2989297723292306,-7.377750151209033
2.310182176882646,-7.3806841481848515
2.321209533344993,-7.383559465221154
2.3320163426780933,-7.386377275916731
2.346663015824531,-7.389330730398396
2.36101675550804,-7.392225115790429
2.375083420397879,-7.3950616134746205
2.388868751989921,-7.3978413812051285
2.4023783769501224,-7.400565553581027
2.4156178094111196,-7.403235242509407
2.4285924532228966,-7.405851537659219
2.4372116041584384,-7.409530506906035
2.4456583720752696,-7.413135896767914
2.453936204633764,-7.416669178832556
2.4620484805410885,-7.420131795255904
2.4699985109302665,-7.4235251593507865
2.477789540711661,-7.426850656163771
2.4854247498974273,-7.430109643040496
2.4929072548994786,-7.433303450179687
2.4888191098014887,-7.433116381176093
2.484812727605459,-7.4329330535525715
2.4808864730533493,-7.43275339248152
2.4770387435922823,-7.43257732463189
2.4732679687204366,-7.432404778139252
2.4695726093460277,-7.432235682576467
2.465951157159107,-7.432069968924937
2.4616951340159248,-7.425465569546438
2.457524231335606,-7.41899325815551
2.453436746708894,-7.4126503929924
2.449431011774716,-7.406434385132552
2.4455053915392218,-7.400342697429901
2.441658283708437,-7.394372843481303
2.437888118034268,-7.388522386611678
2.424966355673583,-7.386924938879445
2.4123030285601113,-7.3853594401018565
2.399892967988909,-7.38382525129982
2.3877311086291306,-7.382321746273824
2.375812486456548,-7.380848311348348
2.3641322367274173,-7.379404345121381
2.352685591992869,-7.377989258218954
2.3414678801530115,-7.376602473054575
2.3304745225499515,-7.373808423593484
2.3197010320989526,-7.371070255121615
2.3091430114569738,-7.368386850019183
2.298796151227834,-7.3657571130188
2.2886562282032776,-7.3631799707584245
2.278719103639212,-7.360654371343256
2.268980721566428,-7.358179283916391
2.2594371071350996,-7.358670698238064
2.2500843649923974,-7.3591522842733035
2.2409186776925494,-7.359624238587838
2.2319363041386984,-7.3600867538160815
2.2231335780559243,-7.36054001873976
2.214506906494806,-7.360984218364965
2.20605276836491,-7.361419533997667
2.197767712997612,-7.361846143317714
2.1896483587376596,-7.36226422045136
2.1816913915629064,-7.360771936042333
2.173893563731648,-7.359309497321487
2.158579692457015,-7.357876307375057
2.143572098607874,-7.356471781227556
2.1288646566357166,-7.355095345603005
2.114451363503002,-7.353746438690946
2.1003263362329414,-7.352424509917127
2.0864838095082825,-7.351129019718785
2.0729181333181166,-7.34985943932441
2.059623770651754,-7.348623250537922
2.0465952952387187,-7.3474117855271635
2.0338273893339442,-7.34622454981662
2.021314841547265,-7.345061058820288
2.0090525447163197,-7.343920837643882
1.9970354938219932,-7.342803420891005
1.9852587839455536,-7.3417083524731845
1.9737176082666426,-7.3406351854237215
1.9624072561013097,-7.346800481715247
1.9513231109792835,-7.352842472080942
1.9404606487596978,-7.358763622639324
1.9019854357845039,-7.3645663501865375
1.8642797270688138,-7.370253023182807
1.8273281325274378,-7.3758259627191505
1.791115569876889,-7.3812874434647675
1.7556272584793513,-7.386639694595472
1.7208487133097643,-7.391884900703563
1.686765739043569,-7.393261202689492
1.6533644242626977,-7.394609978635702
1.6206311357774439,-7.395931779062988
1.5937405130618951,-7.397227143481729
1.5673877028006573,-7.398496600612094
1.5415619487446441,-7.399740668599852
1.5162527097697514,-7.400959855227855
1.4914496555743564,-7.4021546581232975
1.4671426624628694,-7.399469564960832
1.443321809213612,-7.396838173661615
1.4199773730293397,-7.394259410188382
1.397099825568753,-7.391732221984614
1.374679829057378,-7.389255577544922
1.3527082324762305,-7.386828465994023
1.331176067826706,-7.384449896674143
1.310074546470172,-7.38211889874066
1.2893950555407685,-7.385077520765846
1.2691291544299532,-7.387976970350529
1.2492685713413543,-7.3908184309435185
1.2298051999145272,-7.393603062324648
1.2107310959162367,-7.3963320010781555
1.192038473997912,-7.399006361056593
1.1737197045179537,-7.401627233835461
1.1557673104275947,-7.404195689158751
1.138173964219043,-7.402004775375576
1.120932484934662,-7.399857679868065
1.104035835235969,-7.397753526270704
1.0874771185312495,-7.395691455745291
1.0712495761606247,-7.393670626630385
1.0515705846374122,-7.391690214097777
1.032285172944664,-7.389749409815822
1.013385469485771,-7.394337421619506
0.9948637600960555,-7.398833673187116
0.9767124848941343,-7.4032399997233735
0.9589242351962516,-7.407558199728906
0.9414917504923265,-7.411790035734328
0.9244079154824799,-7.4159372350196415
0.9076657571728303,-7.420001490319249
0.8912584420293737,-7.423984460512864
0.8751792731887862,-7.428179771302608
0.8594216877250105,-7.432291175876556
0.8439792539705102,-7.436320352359026
0.8288456688911,-7.440268945311845
0.814014755513278,-7.444138566405609
0.7994804604030123,-7.447930795077498
0.7852368511949521,-7.451647179175948
0.7712781141710531,-7.45160123559243
0.757598551887632,-7.451556210880582
0.7431205808498794,-7.451512086662971
0.7289321692328818,-7.451468844929712
0.7150275258482243,-7.451426468031118
0.7014009753312598,-7.451384938670497
0.6880469558246346,-7.451344239897088
0.6749600167081419,-7.450512355099146
0.6621348163739791,-7.449697107997164
0.6495661200464995,-7.448898165837221
0.6360267976455696,-7.448115202520477
0.6227582616926582,-7.447347898470069
0.6097550964588051,-7.446595940500668
0.5970119945296289,-7.445859021690655
0.5845237546390364,-7.444301841256842
0.5785552795462557,-7.442775804431705
0.5727061739553306,-7.441280288343071
0.5669740504762241,-7.43981468257621
0.5613565694666997,-7.4383783889246855
0.5558514380773657,-7.436970821146192
0.5504564093158184,-7.435591404723268
0.545169281129502,-7.434239576628802
0.5399878955069121,-7.4386527850962265
0.5288951375967738,-7.442977729394302
0.5180242348448383,-7.4472161748064165
0.5073707501479415,-7.451369851310289
0.49693033514498264,-7.455440454284083
0.48669872844208295,-7.4594296451984015
0.47667175387324123,-7.463339052294433
0.46684531879577634,-7.465860271248545
0.45721541241986086,-7.468331065823574
0.44525310417146363,-7.470752444507103
0.43353004208803436,-7.473125395616961
0.4220414412462737,-7.475450887704622
0.4107826124213482,-7.47772986995053
0.3997489601729213,-7.47996327255152
0.38893598096946286,-7.483834007100489
0.3783392613500736,-7.487627326958479
0.3659004761230721,-7.491344780419309
0.3537104666006106,-7.494987884810923
0.3417642572685984,-7.498558127114705
0.3300569721232264,-7.50205696457241
0.3185838326807618,-7.505485825280962
0.30734015602714654,-7.507264108775343
0.29632135290660355,-7.509006826599836
0.28887192584847154,-7.510714690067839
0.28157148733150217,-7.512388396266482
0.27441705758487217,-7.514028628341153
0.26740571643317473,-7.51563605577433
0.2605346021045112,-7.517211334658843
0.25380091006242095,-7.515254107965666
0.24587489186117253,-7.513336025806353
0.2381073940239491,-7.511456305290227
0.2304952461434701,-7.509614179184422
0.2230353412206007,-7.507808895600734
0.2157246343961887,-7.5060397176887195
0.20856014170826495,-7.504305923334945
0.20153893887409968,-7.499517804868247
0.2040771600966177,-7.494825448770882
0.20656461689468533,-7.490226939795465
0.20900232455679163,-7.485720400999556
0.2113912780656558,-7.481303992979565
0.2137324525043427,-7.476975913119974
0.21602680345425584,-7.472734394857575
0.21827526738517072,-7.472561706960424
0.22004676203746731,-7.472392472821216
0.22178282679671796,-7.472226623364792
0.2234841702607836,-7.472064090897496
0.22515148685556793,-7.471904809079547
0.22678545711845657,-7.4717487128979565
0.22838674797608743,-7.471595738639998
0.22995601301656568,-7.471445823867199
0.23149389275623436,-7.4680699073898555
0.22874201490110968,-7.464761509242059
0.22604517460308748,-7.461519279057219
0.22340227111102576,-7.458341893476075
0.22081222568880526,-7.455228055606554
0.21827398117502916,-7.452176494494424
0.2157865015515286,-7.449185964604536
0.21334877152049803,-7.4500592453124455
0.21551079609008805,-7.450915060406197
0.2176295801682863,-7.4517537591980725
0.21970598856492057,-7.4525756840141115
0.22174086879362215,-7.453381170333829
0.22373505141774971,-7.454170546927153
0.22568935038939472,-7.45494413598861
0.22760456338160684,-7.454020253268838
0.22463047211397472,-7.4531148482034615
0.22171586267169524,-7.4522275512393925
0.21885954541826136,-7.451358000214605
0.21606035450989614,-7.4505058402103135
0.21331714741969823,-7.449670723406108
0.21062880447130428,-7.448852308937986
0.2079942283818782,-7.447810262759226
0.20814934381424063,-7.446789057504042
0.20830135693795582,-7.445788276353962
0.2084503297991967,-7.444807510826884
0.20859632320321278,-7.443846360610347
0.20873939673914854,-7.44290443339814
0.20887960880436557,-7.441981344730178
0.20901701662827826,-7.438027717835575
0.2072526762957127,-7.434153163478864
0.20552362276979846,-7.430356100209287
0.20382915031440252,-7.426634978205102
0.20216856730811447,-7.422988278641
0.2005411959619522,-7.419414513068181
0.19894637204271315,-7.415912222806817
0.19738344460185892,-7.420811978350681
0.19749077570982174,-7.425613738783667
0.1975959601956253,-7.430319464007994
0.1976990409917128,-7.434931074727833
0.19780006017187854,-7.439450453233277
0.19789905896844096,-7.443879444168611
0.19799607778907213,-7.448219855285239
0.19809115623329068,-7.452473458179535
0.19818433310862485,-7.455814989015944
0.19441164644645234,-7.4590896892356255
0.1907144135175233,-7.462298895450913
0.18709112524717283,-7.465443917541895
0.18354030274222938,-7.468526039191057
0.18006049668738477,-7.471546518407236
0.1766502867536371,-7.474506588039092
0.17330828101856435,-7.4720244562783105
0.17003311539819307,-7.469591967152745
0.1696404530902292,-7.46720812780969
0.16925564402842463,-7.464871965253496
0.16887853114785614,-7.462582525948426
0.16850896052489903,-7.460338875429458
0.16814678131440106,-7.458140097920869
0.16779184568811303,-7.455985295962452
0.16744400877435078,-7.455240590043203
0.16699112859886375,-7.454510778242339
0.16654730602688647,-7.4537955626774925
0.16611235990634873,-7.4530946514239425
0.16568611270822176,-7.452407758395464
0.1652683904540573,-7.451734603227554
0.16485902264497615,-7.451074911163003
0.16445784219207663,-7.450428412939743
0.1640646853482351,-7.447692844680948
0.1577013916412704,-7.445011987787329
0.151465363808445,-7.442384748031583
0.1453540565322761,-7.439810053070952
0.13936497540163056,-7.4372868520095325
0.13349567589359795,-7.434814114969342
0.12774376237572602,-7.432390832669955
0.1286288871282115,-7.431890016016556
0.12949630938564727,-7.431399215696225
0.13034638319793432,-7.430918231382301
0.13117945553397561,-7.4304468667546555
0.1319958664232961,-7.429984929419563
0.1327959490948302,-7.429532230831172
0.1335800301129336,-7.429088586214549
0.1343484295106749,-7.428061814490258
0.1334624609204614,-7.427055578200453
0.13259421170205218,-7.426069466636444
0.13174332746801115,-7.425103077303715
0.13090946091865094,-7.424156015757641
0.13009227170027793,-7.423227895442489
0.12929142626627238,-7.422318337533639
0.12850659774094694,-7.422243970782967
0.12437646578612802,-7.422171091367308
0.12032893647040546,-7.422099669539962
0.11636235774099736,-7.4220296761491635
0.11247511058617743,-7.421961082626181
0.1086656083744539,-7.4218938609736576
0.10493229620696483,-7.421827983754185
0.10127365028282555,-7.416303424079102
0.09467617727716905,-7.41088935559752
0.08821065373162568,-7.405583568485571
0.08187444065699317,-7.4003838971158595
0.07566495184385333,-7.395288219173542
0.06957965280697627,-7.390294454790072
0.06361605975083676,-7.385400565694271
0.05777173855582003,-7.384704554380385
0.06407230378470365,-7.384022463292778
0.07024685770900958,-7.383354014026923
0.0762979205548294,-7.3826989337463855
0.08222796214373282,-7.382056955071458
0.08803940290085817,-7.381427815970029
0.09373461484284101,-7.380811259650629
0.0993159225459842,-7.380207034457617
0.09990260409506452,-7.3776438937684645
0.10047755201316323,-7.3751320158930955
0.10104100097289997,-7.372670375575233
0.10159318095344198,-7.370257968063729
0.10213431733437314,-7.367893808702455
0.10266463098768568,-7.3655769325284055
0.10318433836793196,-7.363306393877838
0.10369365160057332,-7.367604266000281
0.09815077856856187,-7.371816180680276
0.09271876299719065,-7.375943857066671
0.08739538773724682,-7.379988979925338
0.0821784799825019,-7.383953200326832
0.07706591038285188,-7.387838136320295
0.07205559217519485,-7.39164537359389
0.06714548033169096,-7.389258466122012
0.04020357072505715,-7.386919296799572
0.013800499310556014,-7.384626910863581
-0.012074510675655098,-7.38238037264631
-0.03743202046214199,-7.380178765193384
-0.06228238005289914,-7.378021189889517
-0.08663573245184114,-7.375906766091727
-0.1105020178028043,-7.370520630769892
-0.13389097744674822,-7.365242218154495
-0.15681215789781322,-7.360069373791405
-0.17927491473985696,-7.354999986315578
-0.2012884164450598,-7.350031986589267
-0.2228616481161586,-7.345163346857482
-0.2440034151538354,-7.340392079920333
-0.26923834685075865,-7.335716238321927
-0.2939685799137435,-7.338540913555488
-0.3182042083154686,-7.3413090952843785
-0.3419551241491592,-7.344021913378691
-0.365231021666176,-7.346680475111117
-0.38804140123285247,-7.349285865608894
-0.4103955732081954,-7.351839148296716
-0.4323026617440315,-7.347347365330782
-0.4537716085091508,-7.342945418024165
-0.4748111763389678,-7.3386315096636805
-0.4954299528121884,-7.334403879470407
-0.5156363537559445,-7.330260801880999
-0.5354386266808255,-7.326200585843379
-0.554844854147209,-7.322221574126511
-0.5738629570642647,-7.326306142643981
-0.5925006979229793,-7.330309019791102
-0.6285246839645198,-7.33423183939528
-0.6638281902852293,-7.338076202607375
-0.6984256264795248,-7.341843678555228
-0.7323311139499343,-7.345535804984124
-0.7655584916709356,-7.3491540888844415
-0.7981213218375168,-7.348212007106753
-0.8300328954007665,-7.347288766964618
-0.8613062374927511,-7.346383991625326
-0.878861112742896,-7.34549731179282
-0.8960648904880381,-7.3446283655569635
-0.9129245926782772,-7.343776798245825
-0.9294471008247116,-7.342942262280909
-0.9456391588082173,-7.345742417035291
-0.9615073756320528,-7.348486568694586
-0.9653142281194117,-7.351175837320695
-0.9690449435570234,-7.353811320574281
-0.972701044685883,-7.3563940941627965
-0.9762840237921654,-7.358925212279541
-0.979795343316322,-7.36140570803395
-0.9832364364499956,-7.357094593873271
-0.9866087077209956,-7.352869701995805
-0.9700005335665757,-7.348729307955889
-0.9537245228952441,-7.344671721796771
-0.9377740324373393,-7.340695287360835
-0.9221425517885925,-7.336798381613618
-0.9068237007528207,-7.332979413981345
-0.8918112267377643,-7.336173825701719
-0.877099002203009,-7.339304349187685
-0.8650750221589488,-7.3423722622039325
-0.8532915217157698,-7.345378816959855
-0.8417436912814544,-7.3483252406206585
-0.8304268174558254,-7.351212735808246
-0.8193362811067089,-7.3540424810920815
-0.8084675554845747,-7.35328063147024
-0.7978162043748832,-7.352534018840836
-0.7873778802873855,-7.35180233846402
-0.7771483226816378,-7.35108529169474
-0.7671233562280051,-7.350382585860845
-0.757298889103445,-7.3496939341436285
-0.7476709113213761,-7.349019055460756
-0.7382354930949485,-7.353687674351542
-0.7289887832330495,-7.358262920864512
-0.7199270075683886,-7.362746662447222
-0.7110464674170208,-7.367140729198278
-0.7023435380686804,-7.371446914614313
-0.6938146673073068,-7.3756669763220275
-0.6854563739611607,-7.374226636795588
-0.6772652464819374,-7.3728151040596765
-0.6692379415522987,-7.371431801978484
-0.6613711827212527,-7.370076165938915
-0.6536617590668277,-7.3687476426201375
-0.6461065238854912,-7.367445689767735
-0.6387023934077813,-7.366169775972382
-0.6314463455396258,-7.3649193804529345
-0.6227884186288333,-7.368569992843876
-0.6143036502562567,-7.372147592986999
-0.6059885772511315,-7.3756536411272595
-0.597839805706109,-7.379089568304715
-0.5898540095919869,-7.3824567769386205
-0.5820279294001471,-7.3857566413998486
-0.5743583708121442,-7.388990508571852
-0.5668422033959014,-7.392159698400415
-0.5594763593279835,-7.387165504432407
-0.5522578321414239,-7.38227119434376
-0.5378336754985953,-7.377474770456885
-0.5236980019886233,-7.372774275047748
-0.5098450419488507,-7.368167789546793
-0.4962691411098737,-7.363653433755857
-0.4829647582876762,-7.359229365080741
-0.4699264631219227,-7.354893777779126
-0.45714893385948424,-7.350644902223544
-0.44462695518229456,-7.352379004179073
-0.4323554160786487,-7.3540784240954915
-0.4203293077570757,-7.355743855613581
-0.4085437216019342,-7.3573759785013095
-0.3969938471698955,-7.358975458931283
-0.3856749702264976,-7.3605429497526575
-0.37458247082196766,-7.362079090757605
-0.3637118214055283,-7.360578508942453
-0.35305858497741777,-7.3591079387636045
-0.3426184132778694,-7.357666779988333
-0.33238704501231203,-7.356254444388566
-0.3223603041120658,-7.354870355500795
-0.3105520980298245,-7.35351394839078
-0.29898005606922795,-7.3521846694229644
-0.2876394549478434,-7.350881976034505
-0.2765256658488865,-7.349605336513815
-0.26563415253190875,-7.348354229783539
-0.25496046948127055,-7.3471281451878685
-0.2445002600916451,-7.345926582284111
-0.2342492548898122,-7.344749050638429
-0.22420326979201594,-7.34359506962566
-0.21435820439617562,-7.342464168233147
-0.2047100403082521,-7.341355884868484
-0.19525483950208705,-7.340269767171115
-0.1859887427120453,-7.339205371827693
-0.17690796785780438,-7.338162264391139
-0.16800880850064828,-7.337140019103316
-0.1592876323306353,-7.33613821872125
-0.15074087968402258,-7.3351564543468255
-0.1423650620903421,-7.334194325259889
-0.13415676084853526,-7.333251438754692
-0.12778262563156453,-7.332959409979598
-0.12153597311893324,-7.332673221780006
-0.11541425365655458,-7.332392757344405
-0.10941496858342348,-7.332117902197517
-0.103535669211755,-7.331848544153567
-0.09777395582751988,-7.331584573270495
-0.09212747671096946,-7.3313258818050855
-0.08659392717675007,-7.331072364168984
-0.08117104863321506,-7.3308239168856035
-0.07585662766055074,-7.330580438547892
-0.0706484951073397,-7.330341829776934
-0.06554452520519288,-7.330107993181396
-0.06054263470108901,-7.329878833317768
-0.055640782007067215,-7.329654256651412
-0.050836966366925855,-7.3294341715183835
-0.04612922703958732,-7.329218488088015
-0.04151564249879556,-7.329007118326255
-0.03699432964881963,-7.32879997595973
-0.03256344305584323,-7.328596976440536
-0.024085174194726354,-7.332574036911725
-0.015776470710831818,-7.336471556173491
-0.00763394129661517,-7.340291125050022
0.00034573752931714614,-7.344034302549021
0.008165822778730816,-7.347702616498041
0.01582950632315621,-7.351297564168081
0.023339916196693095,-7.35482061288472
0.030700117872759246,-7.358273200627026
0.037913115515304074,-7.361656736614486
0.04498185320499801,-7.364972601882196
0.05190921614089806,-7.368222149844553
0.05869803181808011,-7.3714067068476625
0.06535107118171851,-7.37452757271071
0.07187104975808416,-7.377586021256496
0.07826062876292249,-7.380583300831367
0.08452241618766405,-7.383520634814739
0.09065896786391078,-7.382423222118445
0.08848078850663257,-7.381347757676076
0.08634617273649993,-7.380293802522555
0.08425424928176994,-7.379260926472105
0.08220416429613456,-7.378248707942663
0.08019508101021187,-7.37725673378381
0.07822617939000764,-7.376284599108134
0.0762966558022075,-7.375331907125972
0.07440572268616336,-7.374398268983453
0.0725526082324401,-7.372116303603784
0.0707365560677913,-7.369879977531709
0.0689568249464355,-7.367688377981075
0.0672126884475068,-7.365540610421454
0.06550343467855668,-7.363435798213025
0.06382836598498556,-7.3613730822487655
0.06325379866528585,-7.359351620603791
0.06269072269198014,-7.3657025881917155
0.06213890823814055,-7.371926536427882
0.06159813007337775,-7.378026005699325
0.061068167471910205,-7.384003485585339
0.06054880412247201,-7.389861415873632
0.06003982804002258,-7.39560218755616
0.059541031479222135,-7.401228143805037
0.0590522108496377,-7.406741580928936
0.05857316663264496,-7.412144749310358
0.05810370329999207,-7.417439854324152
0.057643629233992244,-7.422629057237669
0.05719275664931241,-7.424665476092916
0.05675090151632617,-7.426661166571058
0.056317883485999656,-7.4286169432396365
0.055893525816279675,-7.430533604374844
0.05547765529995409,-7.432411932287347
0.05507010219395502,-7.4342526936416
0.054670700150075933,-7.4360566397687675
0.054722286147074424,-7.437824506973392
0.05477284042413295,-7.439557016833924
0.0548223836156503,-7.441254876497245
0.05487093594333731,-7.4429187789673
0.054918517224470574,-7.4445494033879545
0.05496514687998117,-7.446147415320195
0.05501084394238156,-7.447713467013791
0.05505562706353394,-7.449248197673516
0.055099514522263277,-7.450752233720046
0.05514252423181803,-7.4522261890456445
0.055184673747181674,-7.453670665264731
0.05522598027223805,-7.455086251959436
0.0552664606667933,-7.456473526920247
0.05530613145345744,-7.457833056381842
0.0553450088243883,-7.459165395254205
0.055383108647900546,-7.460471087349121
0.05542044647494254,-7.461750665602138
0.055457037545443705,-7.4630046522900955
0.05549289679453485,-7.464233559244294
0.05552803885864416,-7.465437888059408
0.05556247808147129,-7.46661813029822
0.055596228519841875,-7.467774767692255
0.055629303949445055,-7.4689082723384095
0.05566171787045617,-7.470019106891641
0.05569348351304706,-7.471107724753808
0.055724613842786125,-7.472174570258732
0.05575512156593042,-7.473220078853557
0.05578501913461183,-7.474244677276486
0.055814318751919605,-7.475248783730956
0.05584303237688122,-7.476232808056337
0.05587117172934361,-7.4771971518952105
0.05589874829475675,-7.478142208857307
0.055925773328861624,-7.479068364680161
0.0559522578622844,-7.483456997386558
0.05597821270503873,-7.487757857438827
0.056003648450937964,-7.4919727002900505
0.05602857548191921,-7.49610324628425
0.05605300397228084,-7.500151181358565
0.05607694389283524,-7.504118157731394
0.05610040501497855,-7.508005794576767
0.056123396914679,-7.511815678685232
0.05614592897638543,-7.5096513651115275
0.05616801039685774,-7.507530337809297
0.056189650188920595,-7.505451731053111
0.056210857185142196,-7.503414696432049
0.056231640041439365,-7.5014184025034085
0.056252007240610594,-7.499462034453341
0.056271967095798396,-7.497544793764274
0.05629152775388244,-7.4978308978889885
0.056310697198804806,-7.498111279931209
0.05632948325482872,-7.498386054332585
0.056347893589732155,-7.498655333245933
0.05636593571793752,-7.498919226581014
0.05638361700357879,-7.499177842049394
0.05640094466350723,-7.499431285208407
0.056417925770237104,-7.501370659504238
0.056434567254832375,-7.503271246314154
0.056450875909735736,-7.505133821387871
0.05646685839154103,-7.506959144960114
0.056482521223710225,-7.508747962060912
0.05649787079923604,-7.510501002819694
0.056512913383251324,-7.513261982763301
0.05652765511558631,-7.515967743108035
0.056542102013274594,-7.518619388245875
0.06169925997300912,-7.521218000480958
0.06675327477354895,-7.523764640471339
0.07170620927807797,-7.526260347661912
0.07656008509251641,-7.528706140708675
0.08131688339066609,-7.524238017894501
0.08597854572285277,-7.519859257536612
0.09054697480839571,-7.5155680723858795
0.0933340353122278,-7.511362710938163
0.09606535460598324,-7.5072414567194
0.09874204751386358,-7.503202627585012
0.1013652065635863,-7.4992445750333125
0.10393590243231457,-7.4986666835326465
0.10645518438366827,-7.4981003498619945
0.10892408069599491,-7.497545342864755
0.10819759908207502,-7.49700143600746
0.10748564710043353,-7.496468407287312
0.10678793415842486,-7.4959460391415655
0.10610417547525637,-7.495434118358735
0.10543409196575125,-7.49359343599156
0.10477741012643622,-7.491789567271729
0.1041338619239075,-7.490021775926294
0.10573718468542936,-7.488289340407769
0.10730844099172078,-7.486591553599613
0.10884827217188638,-7.484927722527621
0.11035730672844865,-7.483297168077068
0.11183616059387969,-7.484848224715527
0.1132854373820021,-7.486368260221216
0.12257772863436207,-7.487857895016791
0.13168417406167485,-7.489317737116456
0.14060849058044134,-7.490748382374127
0.1493543207688325,-7.492150414726645
0.15792523435345587,-7.493524406432112
0.16632472966638676,-7.494870918303469
0.174556235073059,-7.4935484999374005
0.1826231103715978,-7.492252529938653
0.19864364816416585,-7.49098247933988
0.21434377520088252,-7.489737829753082
0.22972989969686486,-7.488518073158021
0.24480830170292756,-7.487322711694861
0.25958513566886904,-7.486151257460964
0.2740664329554917,-7.485003232311745
0.28825810429638193,-7.48877816766551
0.30991794221045427,-7.4924776043122
0.33114458336624514,-7.496103052225957
0.35194669169892023,-7.499655991181438
0.3723327578649418,-7.50313787135781
0.3923111027076429,-7.506550113930654
0.41188988065349,-7.5098941116520415
0.4310770830404202,-7.513171229419001
0.44988054137961175,-7.516742804830621
0.46830793055201947,-7.520242948734008
0.48636677194097905,-7.5236730897593285
0.5040644365021595,-7.527034627964142
0.5214081477721163,-7.530328935404858
0.538404984816674,-7.533557356696761
0.5550618851203405,-7.536721209562826
0.5713856474179337,-7.539821785371569
0.5825239344695751,-7.542860349664138
0.5934394557801835,-7.544894142670855
0.6041366666645799,-7.546887259817438
0.6146199333312883,-7.548840514621089
0.6248935346646626,-7.550754704328667
0.6349616639713693,-7.552630610242094
0.644828430691942,-7.554468998037252
0.6544978620781031,-7.556270618076507
0.661966904836541,-7.556929205714977
0.6692865667398101,-7.557574621600677
0.6764598354050139,-7.558207129168664
0.6834896386969135,-7.558826986585291
0.6903788459229752,-7.559434446853585
0.6971302690045156,-7.560029757916513
0.7037466636244252,-7.560613162758183
0.7102307303519366,-7.5611848995030195
0.7165851157448978,-7.561745201512959
0.7228124134299998,-7.5597922974827005
0.7289151651613998,-7.557878451533047
0.7348958618581717,-7.556002882502386
0.7407569446210082,-7.5541648248523385
0.7465008057285879,-7.552363528355292
0.7521297896140161,-7.550598257788186
0.7576461938217357,-7.548868292632423
0.763052269945301,-7.5471729267797745
0.7683502245463949,-7.541395468244179
0.7735422200554669,-7.535733558879296
0.7786303756543574,-7.530184887701711
0.7836167681412702,-7.524747189947677
0.7885034327784447,-7.519418246148724
0.7932923641228757,-7.514195881225749
0.7979855168404182,-7.509077963601235
0.8025848065036097,-7.50406240432921
0.8070921103735375,-7.503443156242627
0.8072452681660667,-7.502836293117775
0.8073953628027454,-7.50224156725542
0.8075424555466905,-7.501658735910312
0.8076866064357566,-7.501087561192106
0.8078278743070415,-7.500527809968265
0.8079663168209007,-7.4999792537689
0.8081019904844827,-7.499441668693523
0.799802950674793,-7.494038835319652
0.7916698916612971,-7.48874405861326
0.7836994938280711,-7.483555177440994
0.7758885039515097,-7.478470073892175
0.7682337338724794,-7.473486672414332
0.7607320591950297,-7.468602938966045
0.7533804180111291,-7.463816880186724
0.7498198096509066,-7.46463754258299
0.7463304134578884,-7.46544179173133
0.7429108051887306,-7.466229955896703
0.7395595890849561,-7.467002356778769
0.736275397303257,-7.467759309643194
0.7330568893571918,-7.46850112345033
0.729902751570048,-7.469228100981323
0.724582696538647,-7.465701538961697
0.7193690426078742,-7.4622455081824635
0.7142596617557166,-7.458858598018814
0.7092524685206023,-7.455539426058438
0.7043454191501902,-7.45228663753727
0.6995365107671865,-7.449098904786525
0.6948237805518428,-7.445974926690795
0.690205304940806,-7.442913428156979
0.6856791988419899,-7.43991315959384
0.6812436148651502,-7.436972896401964
0.6817957425678473,-7.437927438473925
0.6823368277164904,-7.438862889704446
0.6828670911621607,-7.4397796319103575
0.6833867493389175,-7.440678039272151
0.6838960143521392,-7.441558478486709
0.6843950940650965,-7.442421308916975
0.6848841921837946,-7.443266882738636
0.6853635083401187,-7.444095545083864
0.6858332381733164,-7.444907634182187
0.6862935734098502,-7.445703481498544
0.6867447019416533,-7.446483411868574
0.6871868079028203,-7.447247743631203
0.6876200717447639,-7.447996788758579
0.6880446703098687,-7.448730852983408
0.6884607769036714,-7.44945023592374
0.688868561365598,-7.450155231205265
0.6892681901382861,-7.45084612658116
0.6896598263355205,-7.451523204049537
0.6900436298088102,-7.452186739968547
0.690419757212634,-7.452837005169177
0.6907883620683815,-7.453474265065793
0.6911495948270139,-7.454098779764478
0.6915036029304736,-7.4547108041691885
0.6772725308718642,-7.458861588085805
0.6633260802544271,-7.462929356324088
0.6496585586493386,-7.466915769197606
0.636264387476352,-7.470822453813654
0.623138099726825,-7.474651004737381
0.6102743377322886,-7.478402984642633
0.5976678509776429,-7.4820799249497805
0.5853134939580901,-7.4856833264507845
0.5732062240789283,-7.489214659921768
0.5613410995973498,-7.492675366723333
0.5497132776054029,-7.496066859388866
0.5383180120532949,-7.491091522201089
0.5271506518122291,-7.486215691757068
0.5162066387759846,-7.481437377921927
0.5054815060004649,-7.476754630363489
0.49497087588045563,-7.47216553775622
0.4846704583628465,-7.467668227001097
0.47457604919558954,-7.463260862461076
0.46468352821167774,-7.458941645211855
0.4549888576474442,-7.454708812307619
0.4454880804944953,-7.450560636061467
0.43617731888460537,-7.446495423340238
0.42705277250691326,-7.442511514873434
0.418110717056775,-7.4386072845759665
0.40934750271563947,-7.434781138884448
0.4007595526613266,-7.43103151610676
0.39234336160810007,-7.427356885784626
0.38409549437593804,-7.423755748068934
0.37601258448841923,-7.420226633107556
0.3680913327986508,-7.416768100445406
0.36032850614267775,-7.413378738436498
0.3527209360198242,-7.410057163667769
0.34526551729942767,-7.406802020394415
0.3379592069534391,-7.403611979986527
0.3307990228143703,-7.400485740386797
0.32378204235808283,-7.397422025579061
0.31690540151092117,-7.394419585067481
0.31016629348070274,-7.391477193366132
0.30356196761108867,-7.3885936494988105
0.29708972825886687,-7.3857677765088345
0.29074693369368954,-7.382998420978659
0.28603799501981575,-7.380284452559086
0.28142323511941947,-7.377624763507905
0.2769007704170311,-7.375018268237747
0.2724687550086905,-7.374649902872993
0.2681253799085167,-7.374288904815534
0.2638688723103464,-7.373935126719223
0.2596974948641395,-7.373588424184839
0.2556095449668567,-7.3732486557011425
0.2516033540675196,-7.37291568258712
0.24767728698616923,-7.372589368935378
0.24382974124644585,-7.372269581556671
0.24005914642151693,-7.3719561899255375
0.2363639634930866,-7.371649066127027
0.2327426842232249,-7.371348084804487
0.22919383053876038,-7.371053123108398
0.22571595392798519,-7.370764060646231
0.22230763484942548,-7.370480779433306
0.21896748215243697,-7.375874163844641
0.21569413250938824,-7.381159680567748
0.21248624985920048,-7.386339486956394
0.2093425248620165,-7.391415697217266
0.20626167436477616,-7.396390383272921
0.20324244087748064,-7.4012655756074635
0.20028359205993104,-7.406043264095315
0.19738392021873244,-7.410725398813409
0.1945422418143578,-7.415313890837141
0.19175739697807065,-7.419810613020399
0.18902824903850923,-7.424217400759991
0.18635368405773906,-7.428536052744792
0.18373261037658428,-7.432768331689896
0.18116395816905262,-7.436915965056099
0.17864667900567158,-7.440980645754977
0.17617974542555814,-7.444964032839878
0.173762150517047,-7.448867752183081
0.17139290750670605,-7.45269339713942
0.16907104935657194,-7.456442529196632
0.1667956283694405,-7.4601166786127
0.1645657158020517,-7.463717345040446
0.16238040148601068,-7.467245998139638
0.16023879345629047,-7.470704078176845
0.15814001758716467,-7.474092996613308
0.1560832172354214,-7.477414136681042
0.15406755289071297,-7.480668853947422
0.15209220183289873,-7.483858476868473
0.15015635779624076,-7.480274307331103
0.14449523064031594,-7.476761821184481
0.13894732602750962,-7.473319584760791
0.13351037950695943,-7.469946193065575
0.12818217191682024,-7.466640269204263
0.12296052847848385,-7.463400463820178
0.11784331790891417,-7.4602254545437745
0.1128284515507359,-7.457113945452899
0.1079138825197212,-7.45406466654384
0.10309760486932679,-7.451076373212963
0.09837765277194027,-7.448147845748704
0.09644909971650147,-7.44206888883373
0.09455911772217145,-7.436111511057056
0.09270693536772802,-7.430273280835915
0.09089179666037346,-7.424551815219197
0.089112960727166,-7.418944778914813
0.08736970151262269,-7.413449883336518
0.08566130748237023,-7.408064885669788
0.08398708133272283,-7.402787587956392
0.08234633970606837,-7.397615836197264
0.08073841291194701,-7.392547519473319
0.07916264465370808,-7.387580569083853
0.07761839176063393,-7.382712957702176
0.07610502392542125,-7.377942698548132
0.07462192344691282,-7.38245184457717
0.07316848497797457,-7.386870807685627
0.07174411527841508,-7.391201391531915
0.07034823297284679,-7.395445363701277
0.06898026831338985,-7.399604456427252
0.06763966294712206,-7.403680367298707
0.06632586968817963,-7.407674759952733
0.06503835229441605,-7.411589264753679
0.06377658524852774,-7.415425479458605
0.06254005354355718,-7.419184969869433
0.06132825247268604,-7.422869270472045
0.05817868742323233,-7.418127885062605
0.05509211367476769,-7.413481327361353
0.05206727140127235,-7.408927700814126
0.04910292597324691,-7.404465146797844
0.04619786745378198,-7.400091843861888
0.04335091010470635,-7.3958060069846505
0.04056089190261223,-7.391605886844958
0.037826674064559994,-7.3874897691080585
0.0351471405832688,-7.383455973725898
0.032521197771603436,-7.37950285425138
0.029947773816171377,-7.375628797166353
0.02928781833984796,-7.380639221223026
0.028641061973051007,-7.3855494367985655
0.028007240733589994,-7.3903614480625945
0.0273860959189182,-7.395077219101343
0.026777374000539846,-7.399698674719317
0.026180826520529055,-7.40422770122493
0.025596209990118482,-7.408666147200432
0.02502328579031612,-7.413015824256423
0.024461820074509807,-7.417278507771295
0.02391158367301962,-7.421455937615869
0.023372351999559234,-7.425549818863552
0.022843904959568055,-7.429561822486281
0.022326026860376703,-7.433493586036556
0.021818506323169177,-7.437346714315825
0.021321136196705802,-7.4411227800295086
0.020833713472771694,-7.444823324428919
0.020356039203316266,-7.448449857940341
0.019887918419249948,-7.452003860781534
0.01942916005086496,-7.455486783565904
0.01897957684984767,-7.458900047894586
0.018538985312850725,-7.462245046936695
0.01810720560659372,-7.465523145997961
0.017684061494461854,-7.468735683078003
0.017269380264572625,-7.471883969416443
0.016862992659281182,-7.474969290028114
0.01689673280609557,-7.474668904227552
0.01692979814997367,-7.474374526143001
0.016962202186974203,-7.474086035620141
0.016993958143234726,-7.473803314907738
0.01702507898037004,-7.473526248609584
0.017055577400762648,-7.4732547236373925
0.017085465852747405,-7.472988629164645
0.017114756535692464,-7.472727856581352
0.017143461404978626,-7.472472299449725
0.017171592176879063,-7.472221853460731
0.01719916033334149,-7.4719764163915166
0.017226177126674673,-7.470368888063686
0.01444365358414119,-7.468793510302413
0.011716780512458376,-7.467249640096365
0.00904444490220922,-7.465736647294438
0.006425556004165045,-7.46425391434855
0.0038590448840817547,-7.46280083606158
0.0013438639864001307,-7.461376819340348
-0.0011210132933278608,-7.4599812829535415
-0.003536593027461293,-7.458613657294471
-0.005903861166912055,-7.457273384148582
-0.008223783943573803,-7.455959916465611
-0.010497308264702314,-7.454672718136299
-0.012725362099408258,-7.453411263773574
-0.014908854857420084,-7.452175038498103
-0.01704867776027167,-7.455499537728142
-0.019145704205066227,-7.45875754697358
-0.021200790120964895,-7.4619503960341085
-0.023214774318545586,-7.465079388113427
-0.02518847883217467,-7.4681458003511585
-0.027122709255531167,-7.471150884344135
-0.029018255070420537,-7.474095866657253
-0.030875889969012117,-7.4769819493241085
-0.032696372169631865,-7.479810310337627
-0.03448044472623922,-7.482582104130875
-0.03622883583171443,-7.479063462048258
-0.036117259115080125,-7.475615192807293
-0.03600791393277851,-7.472235888951148
-0.03590075565412293,-7.468924171172125
-0.03579574054104046,-7.4656786877486825
-0.03569282573021964,-7.462498113993709
-0.035591969215615235,-7.459381151713835
-0.03549312983130292,-7.456326528679559
-0.03539626723467685,-7.453332998105967
-0.0353013418899833,-7.450399338143848
-0.03520831505218362,-7.447524351380971
-0.035117148751139936,-7.451376864353352
-0.035862805776117126,-7.455152327066285
-0.036593549660594776,-7.45885228052496
-0.03730967866738287,-7.462478234914461
-0.03801148509403521,-7.466031670216172
-0.03869925539215449,-7.469514036811849
-0.039373270284311396,-7.472926756075612
-0.04003380487862515,-7.4762712209541
-0.040681128781052636,-7.479548796535019
-0.041315506205431576,-7.482760820604319
-0.04193719608132293,-7.4859086041922325
-0.04254645215969646,-7.488993432108388
-0.04314352311650252,-7.492016563466221
-0.04372865265417246,-7.494979232196897
-0.04430207960108899,-7.497882647552959
-0.0448640380090672,-7.500727994601901
-0.04541475724888584,-7.503516434709863
-0.04595446210390812,-7.506249106015666
-0.04648337286182995,-7.5089271238953526
-0.047001705404593336,-7.511551581417446
-0.04750967129650145,-7.514123549789097
-0.04800747787057141,-7.516644078793315
-0.048495328313159974,-7.51911419721745
-0.04897342174689677,-7.521534913273101
-0.04944195331195882,-7.523907215007639
-0.049901114245719635,-7.526232070707486
-0.05035109196080523,-7.528510429293337
-0.05083907012158911,-7.52735422070747
-0.05131728871915731,-7.526221136293321
-0.051785942944774156,-7.525110713567455
-0.052245224085878665,-7.524022499296106
-0.05269531960416108,-7.522956049310184
-0.053136413212077856,-7.5219109283239804
-0.053568684947836294,-7.520886709757502
-0.053992311248879564,-7.519882975562352
-0.05440746502390196,-7.518899316051105
-0.05481431572342391,-7.517935329730083
-0.05494602940895541,-7.516990623135482
-0.055075108820776285,-7.5160648106727725
-0.05520160664436075,-7.515157514459317
-0.05532557451147351,-7.514268364170131
-0.05544706302124403,-7.513396996886729
-0.05556612176081913,-7.512543056948995
-0.05568279932560274,-7.5117061958100155
-0.05579714333909067,-7.5108860718938155
-0.055909200472308844,-7.5100823504559395
-0.05601901646286266,-7.509294703446821
-0.056126636133605405,-7.508522809377885
-0.056232103410933286,-7.507766353190328
-0.05633546134271462,-7.507025026126522
-0.05643675211586031,-7.506298525603992
-0.056536017073543075,-7.505586555091912
-0.0566332967320722,-7.504888823990075
-0.056728630797430755,-7.504205047510274
-0.05682205818148214,-7.503534946560069
-0.05691361701785249,-7.502878247628868
-0.05700334467749544,-7.501807682676291
-0.05709127778394551,-7.500758529022765
-0.0571774522282666,-7.499730358442311
-0.057261903183701245,-7.4987227512734655
-0.05734466512002722,-7.497735296247996
-0.05742577181762667,-7.496767590323037
-0.057505256381274135,-7.495819238516576
-0.057583151253648636,-7.494889853746245
-0.05325148822857565,-7.4939790566713205
-0.04900645846400413,-7.493086475537894
-0.044846329294724034,-7.492211746027137
-0.04076940270882955,-7.491354511106595
-0.036774014654652944,-7.490514420884463
-0.032858534361559874,-7.489691132466775
-0.029021363674328664,-7.48888430981744
-0.02526093640084208,-7.488093623621092
-0.021575717672825227,-7.4873187511486705
-0.01796420331936871,-7.488113376125697
-0.01792091925298133,-7.488892108603183
-0.0178785008679217,-7.48965526643112
-0.01783693085056326,-7.490403161102498
-0.017796192233551986,-7.491136097880449
-0.01775626838888094,-7.49185437592284
-0.01771714302110331,-7.492558288404384
-0.01767880016068124,-7.493248122636296
-0.017641224157467605,-7.49392416018357
-0.017604399674318247,-7.494586676979899
-0.017568311680831873,-7.495235943440301
-0.01753294544721523,-7.495872224571495
-0.017498286538270916,-7.496495780080066
-0.025848320807505494,-7.500815864478465
-0.03403135439135537,-7.5050495471888965
-0.042050727303528254,-7.509198556245119
-0.04990971275745768,-7.5132645851202176
-0.05761151850230852,-7.517249293417814
-0.06515928813226234,-7.521154307549458
-0.07255610236961707,-7.52498122139847
-0.07980498032222472,-7.528731596970501
-0.0869088807157802,-7.532406965031091
-0.09387070310146459,-7.5360088257304705
-0.10069328903943528,-7.534735649215861
-0.12145442325864655,-7.533487936231544
-0.14180033479347362,-7.532265177506913
-0.16173932809760413,-7.5310668739567745
-0.18127954153565204,-7.5298925364776395
-0.200428950704939,-7.528741685748087
-0.2191953716908402,-7.5276138520331255
-0.23758646425702337,-7.526508574992463
-0.2556097349718829,-7.525425403492614
-0.2732725402724452,-7.524363895422762
-0.29058208946699626,-7.523323617514307
-0.30754544767765635,-7.521029145164021
-0.3241695387241032,-7.518780562260741
-0.33442614794962106,-7.516576951015526
-0.34447762499062856,-7.514417411995215
-0.35432807249081594,-7.51230106375531
-0.3639815110409996,-7.510227042480204
-0.37344188082017954,-7.5081945016306
-0.3827130432037759,-7.506202611597987
-0.39179878233970034,-7.504250559366028
-0.4007028066929063,-7.502337548178708
-0.40942875055904815,-7.500462797215134
-0.4179801755478672,-7.498625541270831
-0.4263605720369098,-7.4968250304454145
-0.4345733605961716,-7.495060529836506
-0.4426218933842481,-7.4933313192397755
-0.4505094555165631,-7.49163669285498
-0.4636492664062318,-7.4899759589978805
-0.47652628107810713,-7.488348439817923
-0.48914575545654493,-7.486753471021564
-0.5015128403474141,-7.485190401601133
-0.5136325835404657,-7.4836585935691105
-0.5255099318696563,-7.482157421697728
-0.5371497332322632,-7.480686273263774
-0.548556738567618,-7.478097547798498
-0.5597356037962656,-7.475560596842528
-0.5706908917203403,-7.4730743849056775
-0.5814270738859334,-7.470637897207564
-0.5919485324082148,-7.468250139263413
-0.6022595617600505,-7.465910136478144
-0.6123643705248495,-7.463616933748582
-0.6222670831143525,-7.461369595073609
-0.6319717414520655,-7.459167203172137
-0.6414823066230242,-7.457008859108694
-0.6508026604905637,-7.4587226819265195
-0.6599366072807524,-7.46040222828799
-0.6688878751351374,-7.46204818372223
-0.6776601176324346,-7.463661220047785
-0.6862569152797859,-7.46524199564683
-0.6946817769741902,-7.466791155733893
-0.7029381414347063,-7.468309332619215
-0.6925983786060121,-7.469797145966831
-0.6824654110338918,-7.471255203047495
-0.6725351028132138,-7.472684098986544
-0.6628034007569494,-7.4740844170068135
-0.6532663327418103,-7.4754567286666775
-0.6439200060869741,-7.476801594093344
-0.6347606059652345,-7.478119562211478
-0.6257843938459298,-7.479411170967248
-0.6169877059690111,-7.480676947547903
-0.6083669518496307,-7.481917408596945
-0.594942612812638,-7.483133060425006
-0.5817867605563852,-7.484324399216506
-0.5688940253452575,-7.485491911232176
-0.5562591448383523,-7.486636073007532
-0.5438769619415852,-7.487757351547382
-0.5317424227027534,-7.488856204516434
-0.5198505742486983,-7.4899330804261055
-0.5081965627637243,-7.4896764188175835
-0.4967756315084497,-7.489424890441232
-0.48558311887828065,-7.489178392632408
-0.474614456500715,-7.488936824779761
-0.46386516737070066,-7.4887000882841654
-0.45333086402328665,-7.488468086518482
-0.44300724674282094,-7.488240724788113
-0.4328901018079645,-7.488017910292351
-0.42303529977180515,-7.487799552086504
-0.41337759377636907,-7.487585561044774
-0.40391304190084165,-7.487375849823879
-0.39463778106282477,-7.4852163328274015
-0.38554802544156824,-7.483100006170854
-0.3766400649327369,-7.481026006047438
-0.36791026363408214,-7.47899348592649
-0.3593550583614005,-7.477001616207961
-0.35097095719417254,-7.475049583883802
-0.3427545380502891,-7.473136592206126
-0.3351374472892833,-7.471261860362004
-0.3276726983434976,-7.469424623154764
-0.3203572443766276,-7.46762413069167
-0.313188099489095,-7.465859648077837
-0.30616233749931304,-7.464130455116281
-0.29927709074932674,-7.462435846013955
-0.29252954893434013,-7.460775129093676
-0.2859169579556533,-7.459147626511803
-0.2794366187965402,-7.457552673981567
-0.2730858864206093,-7.455989620501937
-0.2668621686921971,-7.454457828091899
-0.25654692531835316,-7.452956671530061
-0.2464379868119861,-7.451485538099461
-0.23653122707574636,-7.450043827337472
-0.22682260253423142,-7.448630950790723
-0.2173081504835468,-7.447246331774909
-0.2079839874738758,-7.445889405139411
-0.19884630772439826,-7.4445596170366235
-0.18989138156991026,-7.443256424695892
-0.18111555393851203,-7.446487296201974
-0.1725152428597418,-7.449653550277935
-0.16408693800254692,-7.452756479272376
-0.15582719924249594,-7.45579734968693
-0.147732655257646,-7.458777402693191
-0.13980000215249305,-7.461697854639328
-0.13202600210944315,-7.464559897546542
-0.12440748206725426,-7.4673646995956116
-0.11694133242590916,-7.4701134056036995
-0.10962450577739097,-7.472939137491626
-0.10245401566184315,-7.475708354741794
-0.09542693534860627,-7.4784221876469585
-0.08854039664163414,-7.48108174389402
-0.08179158870880145,-7.48368810901614
-0.0751777569346254,-7.486242346835818
-0.06869620179593289,-7.488745499899101
-0.06234427776001422,-7.48687058990112
-0.05793039220481393,-7.485033178103097
-0.053604784360717625,-7.483232514541035
-0.04936568867350326,-7.481467864250214
-0.04521137490003318,-7.47973850696521
-0.0411401474020325,-7.478043736825906
-0.03715034445399183,-7.4763828620893875
-0.03324033756491198,-7.474755204847599
-0.029408530813613727,-7.473160100750647
-0.025653360197341435,-7.471596898735634
-0.021973292993394587,-7.470064960760921
-0.018366827133526678,-7.468563661545703
-0.01483249059085613,-7.467092388314789
-0.011368840779038993,-7.465650540548493
-0.007974463963458198,-7.464237529737523
-0.004647974684189019,-7.462852779142772
-0.0013880151905052238,-7.461495723559917
0.0018067451133048952,-7.4621598090887185
0.002572610211038811,-7.462810612906944
0.0033231580068180475,-7.463448400648805
0.0040586948466817,-7.464073432635829
0.0047795209497480794,-7.464685963983113
0.005485930530753131,-7.465286244703451
0.0061782119201380815,-7.465874519809382
0.0068566476817353336,-7.466451029413194
0.0075215147281006405,-7.46701600882493
0.008173084433538641,-7.467569688648432
0.008811622744867883,-7.468112294875463
0.009437390289970538,-7.4686440489779535
0.01005064248417114,-7.469165167998394
0.010651629634487729,-7.469675864638426
0.011240597041797988,-7.4701763473456575
0.011817785100962042,-7.470666820398744
0.012383429398942814,-7.4711474839907694
0.01293776081096397,-7.471618534310954
0.013481005594744706,-7.472080163624735
0.018289385482849824,-7.474494560352241
