0.6882649999999999,0.6882649999999999
0.6887716999999999,0.5221916999999998
0.6842082659999998,0.3692628659999998
0.6797361006799999,0.2193926086799998
0.6753533786663999,0.0702257565063998
0.6710583110930719,-0.07595775862372821
0.6668491448712105,-0.21921760345125366
0.6627241619737863,-0.35961225138222863
0.6586816787343105,-0.497199006354584
0.6547200451596243,-0.6320340262274925
0.6534636442564319,-0.7641723457029428
0.6522323713713033,-0.893667898788884
0.6510257239438773,-1.027830540813106
0.6498432094649997,-1.159309929996844
0.6486843452756997,-1.2881597313969069
0.6475486583701857,-1.4144325367689687
0.646435685202782,-1.5381798860335896
0.6532049714987265,-1.6594522883129177
0.659838872068752,-1.7782992425466595
0.666340094627377,-1.8941542576957262
0.6727112927348294,-2.007692172541812
0.6789550668801329,-2.1189593290909756
0.6850739655425302,-2.228001142509156
0.6910704862316797,-2.3348621196589727
0.693403076507046,-2.4395858772657935
0.695689014976905,-2.5422151597204774
0.6979292346773669,-2.6412898565260674
0.7001246499838195,-2.7383830593955456
0.7022761569841431,-2.833534398207634
0.7043846338444603,-2.926782710243481
0.706450941167571,-3.018166056038611
0.7151809223442196,-3.1077217349178383
0.7237363038973352,-3.195486300219481
0.7321205778193886,-3.2855745742150915
0.7403371662630008,-3.3738610827307896
0.7483894229377408,-3.4603818610761734
0.756280634478986,-3.54517222385465
0.7619000217894062,-3.6282667793775567
0.767407021353618,-3.7096994437900053
0.7728038809265456,-3.785959454914205
0.7780928033080147,-3.8606942658159205
0.7832759472418543,-3.933934380499602
0.7883554282970172,-4.005709692889609
0.7933333197310768,-4.076049499031817
0.7952626533364553,-4.1449825090511805
0.7971534002697261,-4.209395858870157
0.7990063322643316,-4.272520941692754
0.8008222056190449,-4.334383522858899
0.8026017615066641,-4.3950088524017215
0.8043457262765308,-4.454421675353687
0.8060548117510001,-4.512646241846613
0.7946217155159802,-4.569706317009681
0.7834172812056606,-4.631113190669487
0.7724369355815475,-4.691291926856097
0.7616761968699166,-4.750267088318975
0.7511306729325183,-4.808062746552596
0.7407960594738681,-4.864702491621545
0.7306681382843908,-4.920209441789114
0.717298775518703,-4.9748212529533316
0.704196800008329,-5.028340827894265
0.6913568640081623,-5.08079001133638
0.6787737267279991,-5.132190211109653
0.6664422521934391,-5.1825624068874605
0.6543574071495704,-5.231927158749712
0.650926259006579,-5.2803046155747175
0.6475637338264474,-5.327714523263223
0.6442684591499185,-5.372694232797959
0.6410390899669202,-5.416774348142
0.6378743081675817,-5.45997286117916
0.6347728220042301,-5.502307403955577
0.6317333655641455,-5.543795255876465
0.6366346982528626,-5.584453350758936
0.6414380042878053,-5.628614283743757
0.6461452442020491,-5.671891998068882
0.6507583393180081,-5.714304158107505
0.6552791725316479,-5.755868074945355
0.659709589081015,-5.796600713446448
0.6628443972993947,-5.83651869917752
0.6659165093534068,-5.87563832519397
0.6689271791663387,-5.912408558690091
0.671877635583012,-5.948443387516289
0.6747690828713517,-5.983757519765964
0.6776027012139247,-6.018365369370645
0.6803796471896463,-6.052281061983233
0.6831010542458533,-6.085518440743568
0.6893520331609363,-6.118091071928697
0.6954779924977176,-6.150012250490124
0.7014814326477632,-6.173678005480322
0.707364803994808,-6.196870445370716
0.7131305079149118,-6.219599036463302
0.7187808977566136,-6.241873055734037
0.7243182798014813,-6.263701594619357
0.7865939142054517,-6.28509356272697
0.8476240359213426,-6.3060576914724304
0.9074335552029158,-6.332480537642983
0.9660468840988575,-6.358374926890124
1.0234879464168805,-6.383751428352323
1.0797801874885429,-6.408620399785277
1.134946583738772,-6.432991991789572
1.2102476520639964,-6.4568761519537805
1.2840426990227165,-6.480282628914706
1.356361845042262,-6.504004976336413
1.4272346081414167,-6.527252876809685
1.4966899159785882,-6.550035819273492
1.5647561176590163,-6.572363102888023
1.6314609953058359,-6.594243840830263
1.696831775399719,-6.615686964013658
1.7884201398917248,-6.636701224733386
1.8781767370938904,-6.657295200238719
1.9661382023520126,-6.672190296233945
2.052340438304972,-6.686787490309267
2.1368186295388725,-6.701092740503082
2.2196072569480947,-6.7151118856930205
2.300740111809133,-6.7288506479791605
2.38025030957295,-6.742314635019578
2.4914653033814913,-6.755509342319186
2.6004559973138615,-6.773323155472803
2.707266877367584,-6.790780692363348
2.8119415398202325,-6.807889078516081
2.914522709023828,-6.8246552969457595
3.0150522548433516,-6.841086191006845
3.1135712097464845,-6.857188467186709
3.2148227855515548,-6.872968697842975
3.3140493298405236,-6.888433323886115
3.4112913432437133,-6.903588657408394
3.506588516378839,-6.918440884260226
3.5999797460512624,-6.9332400665750225
3.691503151130237,-6.947743265243522
3.790115088107632,-6.961956399938652
3.886754786345479,-6.975885271939879
3.98146169061857,-6.9895355665010825
4.074274456806198,-7.002912855171061
4.165230967670074,-7.01126659806764
4.254368348316673,-7.019453266106287
4.350501981350339,-7.027476200784161
4.444712941723332,-7.035338676768477
4.5370396828888655,-7.043043903233107
4.627519889231088,-7.050595025168445
4.716190491446467,-7.059162124665075
4.803087681617537,-7.067557882171774
4.888246927985186,-7.075785724528338
4.9717029894254825,-7.083849010037771
5.053489929636973,-7.091751029837016
5.133641131044233,-7.099495009240275
5.205439308423348,-7.10708410905547
5.2758015222548815,-7.110305426874361
5.344756491809784,-7.113462318336874
5.412332361973589,-7.1165560719701375
5.478556714734117,-7.119587950530735
5.543456580439435,-7.1225591915201205
5.607058448830647,-7.125471007689718
5.682371279854034,-7.127640587535924
5.756177854256953,-7.129766775785206
5.8285082971718145,-7.131850440269502
5.899392131228378,-7.133892431464112
5.968858288603811,-7.1358935828348296
6.036935122831735,-7.137854711178133
6.1036504203751,-7.13977661695457
6.148356411967598,-7.14286708461548
6.192168283728247,-7.14589574292317
6.235103918053682,-7.148863828064708
6.277180839692608,-7.151772551503415
6.318416222898756,-7.154623100473347
6.358826898440781,-7.15741663846388
6.398429360471965,-7.160154305694603
6.390833773262527,-7.1628372195807115
6.383390097797276,-7.174373475189097
6.376095295841331,-7.185679005685316
6.368946389924505,-7.19675842557161
6.361940462126015,-7.207616257060178
6.355074652883495,-7.218256931918975
6.275093159825825,-7.228684793280596
6.196711296629308,-7.232806097414985
6.119897070696722,-7.236844975466685
6.044619129282788,-7.240803075957351
5.9708467466971324,-7.2446820144382045
5.89854981176319,-7.2484833741494406
5.827698815527926,-7.252208706666452
5.6653048392173675,-7.255859532533123
5.50615874243302,-7.2615433418824615
5.35019556758436,-7.2671134750448125
5.197351656232673,-7.272572205543916
5.04756462310802,-7.2779217614330385
4.900773330645859,-7.283164326204378
4.756917864032943,-7.288302039680291
4.650904506752283,-7.293336998886685
4.547011416617238,-7.300821258908952
4.445196188284894,-7.3081558337307735
4.345417264519195,-7.315343717056158
4.247633919228812,-7.322387842715035
4.151806240844236,-7.329291085860734
4.057895116027351,-7.33605626414352
3.965862213706804,-7.34268613886065
3.895597969432668,-7.341958416083437
3.8267390100440144,-7.341245247761769
3.759257229843134,-7.340546342806534
3.6931250852462716,-7.339861415950404
3.628315583541346,-7.339190187631396
3.5648022718705192,-7.338532383878769
3.502559226433109,-7.337887736201194
3.4119540419044467,-7.3372559814771705
3.323160961066358,-7.340077861847627
3.2361437418450314,-7.342843304610675
3.150866867008131,-7.345553438518461
3.0672955296679683,-7.348209369748092
2.985395619074609,-7.35081218235313
2.905133706693117,-7.353362938706067
2.826477032559255,-7.3558626799319455
2.75169549190807,-7.361476426333307
2.6784095820699085,-7.366977897806642
2.6065893904285105,-7.3723693398505095
2.5362056026199404,-7.3776529530534996
2.467229490567542,-7.3828308939924305
2.399632900756191,-7.3879052761125825
2.3517342427410672,-7.390266170590331
2.3047935578862457,-7.392579847178524
2.2587916867285207,-7.394847250234954
2.2137098529939503,-7.3970693052302545
2.1695296559340713,-7.399246919125649
2.12623306281539,-7.401380980743136
2.083802401559082,-7.403472361128274
2.0422203535279,-7.405521913905709
2.0011699464573423,-7.410007475627594
1.9609405475281956,-7.414403326115043
1.9215157365776319,-7.418711259592742
1.8828794218460794,-7.422933034400887
1.845015833409158,-7.427070373712869
1.8079095167409749,-7.431124966238612
1.7715453264061556,-7.43509846691384
1.7416464198780326,-7.432294497575563
1.712345491480472,-7.429546607624052
1.6836305816508628,-7.426853675471571
1.6554899700178456,-7.424214601962139
1.6279121706174888,-7.421628309922896
1.6008859272051392,-7.419093743724439
1.5744002086610365,-7.4166098688499495
1.5484442044878157,-7.41417567147295
1.5185883203980595,-7.415794158043491
1.4893295539900984,-7.417380274882621
1.4606559629102964,-7.418934669384969
1.4325558436520907,-7.4204579759972695
1.405017726779049,-7.421950816477324
1.378030372243468,-7.423413800147777
1.3408647647985985,-7.426554524144822
1.3044424695026264,-7.429632433661926
1.2687486201125737,-7.432648784988688
1.2337686477103222,-7.435604809288914
1.1994882747561157,-7.438501713103135
1.1658935092609934,-7.4413406788410725
1.1329706390757734,-7.4441228652642515
1.100706226294258,-7.446849407958966
1.0690871017683727,-7.449521419799788
1.0381003597330052,-7.452139991403792
1.007733352538345,-7.454706191575716
0.9779736854875781,-7.457221067744202
0.9488092117778266,-7.459685646389318
0.9202280275422701,-7.4621009334615325
0.8922184669914247,-7.464467914792302
0.8647690976515963,-7.466787556496456
0.8353637156985644,-7.465551805366527
0.8065464413845932,-7.464340769259197
0.7783055125569014,-7.463153953874013
0.7506294023057635,-7.461990874796533
0.7235068142596482,-7.460851057300602
0.6969266779744554,-7.4597340361545905
0.6708781444149664,-7.458639355431499
0.6453505815266671,-7.45756656832287
0.6203335698961339,-7.456643236956412
0.5958168984982113,-7.455738372217285
0.5717905605282472,-7.454851604772939
0.5482447493176823,-7.45398257267748
0.5251698543313288,-7.453130921223931
0.5025564572447023,-7.452296302799453
0.4803953280998083,-7.451478376743464
0.4586774215378121,-7.454052809208595
0.43739387310705585,-7.456575753024424
0.4165359956449147,-7.459048237963937
0.41745827573201644,-7.461471273204658
0.4183621102173761,-7.463845847740566
0.4192478680130286,-7.466172930785755
0.42011591065276804,-7.468453472170041
0.4209665924397127,-7.470688402726641
0.42180026059091846,-7.472878634672109
0.4226172553791001,-7.477539061978668
0.4234179102715181,-7.482106280739095
0.42420255206608776,-7.486582155124314
0.424971501024766,-7.490968512021828
0.4257250710042707,-7.495267141781392
0.4264635695841853,-7.499479798945765
0.4271872981925016,-7.50360820296685
0.4278965522286516,-7.501868038907514
0.42859162118407856,-7.500162678129364
0.429272788760397,-7.498491424566777
0.4299403329851891,-7.496853596075441
0.4222395263254853,-7.495248524153933
0.41469273579897553,-7.493675553670855
0.407296881082996,-7.492134042597438
0.40004894346133607,-7.490623361745489
0.39294596459210934,-7.48914289451058
0.3859850453002671,-7.487692036620368
0.37916334439426175,-7.486270195887961
0.37247807750637646,-7.484876791970202
0.3659265159562489,-7.483511256130798
0.35950598563712394,-7.482173031008182
0.3532138659243814,-7.480861570388019
0.34704758860589374,-7.479576338980259
0.34100463683377585,-7.478316812200654
0.3350825440971003,-7.4770824759566406
0.3292788932151583,-7.475872826437508
0.3235913153508551,-7.474687369908757
0.318017489043838,-7.473525622510582
0.3125551392629612,-7.472387110060371
0.30963103647770196,-7.476342367859163
0.30676541574814786,-7.48021852050198
0.3039571074331849,-7.48401715009194
0.3012049652845212,-7.487739807090101
0.2985078659788307,-7.491388010948299
0.29586470865925407,-7.494963250729333
0.29327441448606895,-7.498466985714746
0.2907359261963475,-7.5019006460004505
0.28824820767242054,-7.505265633080441
0.2858102435189721,-7.508563320418832
0.27870103864859264,-7.509773054010456
0.27173401787562074,-7.510958592930247
0.2649063375181083,-7.512120421071642
0.2582152107677462,-7.5132590126502095
0.2516579065523913,-7.5143748323972055
0.24523174842134346,-7.5154683357492615
0.2389341134529166,-7.516539969034277
0.23276243118385828,-7.517590169653592
0.2267141825601811,-7.518619366260521
0.22078689890897749,-7.51423297893531
0.22262716093079796,-7.509934319356605
0.224430617712182,-7.505721632969473
0.22619800535793838,-7.501593200310084
0.22793004525077962,-7.4975473363038825
0.22962744434576404,-7.4935823895778055
0.2312908954588488,-7.48969674178625
0.23292107754967184,-7.485888806950525
0.2345186559986784,-7.482157030811515
0.23120128287870487,-7.480421890195284
0.2279502572211308,-7.478721452391379
0.2247642520767082,-7.477055023343551
0.22164196703517405,-7.47542192287668
0.21858212769447058,-7.473821484419146
0.21558348514058118,-7.472253054730762
0.21264481543776959,-7.470715993636147
0.2097649191290142,-7.469209673763424
0.20694262074643394,-7.467733480288155
0.19281876833150527,-7.465251810682393
0.17897739296487514,-7.462819774468746
0.16541284510557766,-7.460436378979371
0.1521195882034661,-7.458100651399784
0.1390921964393968,-7.455811638371789
0.12632535251060886,-7.453568405604353
0.11381384546039669,-7.457525037492267
0.11477256855118875,-7.461402536742422
0.11571211718016497,-7.465202486007573
0.11663287483656168,-7.468926436287422
0.11753521733983044,-7.472575907561674
0.11841951299303383,-7.476152389410441
0.11928612273317316,-7.479657341622232
0.12013540027850969,-7.483092194789788
0.1261706922729395,-7.482657350893993
0.13208527842748072,-7.482231203876113
0.1378815728589311,-7.481813579798591
0.14356194140175246,-7.481404308202619
0.1491287025737174,-7.481003222038567
0.15458412852224304,-7.480610157597797
0.15993044595179817,-7.480224954445841
0.16366783703276222,-7.483648455356925
0.16733048029210698,-7.487003486249787
0.17091987068626485,-7.490291416524792
0.17443747327253956,-7.493513588194296
0.17788472380708878,-7.496671316430411
0.181263029330947,-7.499765890101803
0.18457376874432807,-7.502798572299767
0.1878182933694415,-7.505690600853772
0.1793169275020527,-7.508524788836696
0.17098558895201166,-7.511302293059962
0.16282087717297145,-7.514024247198762
0.15481945962951205,-7.516691762254786
0.14697807043692182,-7.5193059270096905
0.13929350902818338,-7.521867808469496
0.1317626388476197,-7.524378452300106
0.14437038607066732,-7.5303228832541045
0.15672597834925397,-7.5361484255890225
0.16883445878226888,-7.541857457077242
0.1807007696066235,-7.547452307935697
0.19232975421449106,-7.552935261776983
0.20372615913020123,-7.558308556541443
0.2148946359475972,-7.5635743854106146
0.22583974322864525,-7.561649897702402
0.22539294836407234,-7.559763899748354
0.22495508939679087,-7.557915621753388
0.22452598760885506,-7.556104309318321
0.22410546785667795,-7.554329223131955
0.2236933584995444,-7.552589638669316
0.2232894913295535,-7.55088484589593
0.22289370150296242,-7.547232148978011
0.22354082747290316,-7.543652505998452
0.22417501092344508,-7.540144455878483
0.22479651070497617,-7.536706566760913
0.22540558049087664,-7.533337435425696
0.2260024688810591,-7.5300356867171825
0.22658741950343791,-7.526799972982839
0.22716067111336916,-7.5236289735231825
0.22890945769110177,-7.527334394052719
0.23062326853727974,-7.530965706171664
0.23230280316653415,-7.534524392048231
0.23394874710320349,-7.538011904207267
0.2355617721611394,-7.541429666123122
0.23714253671791663,-7.54477907280066
0.2386916859835583,-7.544632491344647
0.24071685226388712,-7.544488841517754
0.2427015152186094,-7.544348064687398
0.24464648491423718,-7.54421010339365
0.24655255521595243,-7.544074901325777
0.24842050411163336,-7.543942403299261
0.2502510940294007,-7.543812555233275
0.25204507214881267,-7.54059630412861
0.2512661707058364,-7.537444378046038
0.2505028472917197,-7.534355490485117
0.2497547903458853,-7.531328380675415
0.24902169453896758,-7.528361813061907
0.24830326064818822,-7.525454576800669
0.24759919543522446,-7.5226054852646564
0.24690921152651998,-7.519666375559364
0.24152202729598957,-7.516786048048177
0.23624258675006976,-7.513963327087214
0.23106873501506836,-7.51119706054547
0.22599836031476697,-7.508486119334561
0.2210293931084716,-7.50582939694787
0.21615980524630218,-7.503225809008914
0.21590660914137613,-7.496230292828735
0.21565847695854862,-7.489374686972161
0.21541530741937764,-7.482656193232717
0.2151770012709901,-7.476072069368063
0.2149434612455703,-7.469619627980701
0.21471459202065887,-7.463296235421087
0.2144903001802457,-7.470110310712665
0.2123364941766408,-7.476788104498413
0.210225764293108,-7.483332342408445
0.20815724900724586,-7.489745695560276
0.20613010402710097,-7.496030781649071
0.20414350194655898,-7.50219016601609
0.20219663190762782,-7.508226362695769
0.2002886992694753,-7.513466835441854
0.2044489252840858,-7.518602498733016
0.20852594677840408,-7.523635448758355
0.212521427842836,-7.528567739783188
0.2164369992859793,-7.533401384987524
0.2202742593002597,-7.538138357287774
0.22403477411425451,-7.5427805901420175
0.22772007863196944,-7.542618978339177
0.23285067705933005,-7.542460598772393
0.23787866351814346,-7.5423053867969445
0.2428060902477806,-7.542153279061005
0.247634968442825,-7.542004213479785
0.2523672690739685,-7.54185812921019
0.2570049236924892,-7.541714966625985
0.2615498252186394,-7.536966667293465
0.26537982871426663,-7.532313333947596
0.2691332321399813,-7.527753067268645
0.2728115674971817,-7.523284005923272
0.2764163361472381,-7.518904325804806
0.27994900942429335,-7.51461223928871
0.2834110292358075,-7.5104059945029364
0.2876508086510914,-7.505840874612878
0.2918057924780696,-7.501367057120621
0.2958776766285082,-7.496982715978209
0.2998681230959381,-7.492686061658645
0.3037787606340193,-7.488475340425473
0.307611185421339,-7.484348833616964
0.3113669617129122,-7.480304856944625
0.32365162247865403,-7.480840759805733
0.33569059002908097,-7.481365944609618
0.3474887782284994,-7.481880625717427
0.3590510026639294,-7.4823850132030785
0.37038198261065086,-7.482879312939017
0.38148634295843786,-7.4833637266802375
0.3683246160992691,-7.485097452146633
0.35542612377728366,-7.4867965031037
0.34278560130173796,-7.488461573041626
0.3303978892757032,-7.490093341580793
0.3182579314901891,-7.491692474749176
0.30636077286038527,-7.4932596252541925
0.29470155740317755,-7.494795432749108
0.283275526255114,-7.496300524094126
0.24229901573001172,-7.495956513612244
0.2021420354154115,-7.495619383339999
0.1627881947071033,-7.4952889956732
0.12422143081296125,-7.494965215759737
0.08642600219670205,-7.494647911444543
0.049386482152768016,-7.494336953215652
0.013087752509712667,-7.494032214151339
-0.04886300254048158,-7.498314569868312
-0.10957474248967193,-7.502511278470946
-0.1690722476398785,-7.506624052901527
-0.2273798026870809,-7.510654571843497
-0.2845212066333393,-7.514604480406627
-0.3405197825006725,-7.5184753907984945
-0.42387038685065903,-7.522268882982525
-0.5055539791136459,-7.517469505322874
-0.5856038995313729,-7.512766115216417
-0.6640528215407455,-7.5081567929120885
-0.7409327651099307,-7.503639657053847
-0.8162751098077321,-7.49921286391277
-0.8901106076115775,-7.494874606634514
-1.0000363954593459,-7.495846114501825
-1.107763667550159,-7.49679819221179
-1.2133363941991557,-7.497731228367554
-1.3167976663151726,-7.498645603800203
-1.4181897129888692,-7.4995416917242
-1.5175539187290918,-7.500419857889717
-1.61493084035451,-7.501280460731924
-1.7131292235474196,-7.501476851517286
-1.8093636390764711,-7.501669314486941
-1.9036733662949417,-7.501857928197203
-1.9960968989690429,-7.502042769633259
-2.086671960989662,-7.502223914240594
-2.1754355217698684,-7.5024014359557825
-2.262423811334471,-7.502575407236667
-2.3476723351077813,-7.502745899091933
-2.4512038884056255,-7.504291981110095
-2.5526648106375127,-7.505807141487893
-2.652096514424762,-7.507291998658135
-2.749539584136267,-7.508747158684972
-2.8450337924535414,-7.510173215511273
-2.9386181166044705,-7.511570751201048
-3.0303307542723807,-7.512940336177027
-3.139894139186933,-7.510433529453486
-3.2472662564031944,-7.507976858864416
-3.3524909312751303,-7.505569321687128
-3.4556111126496276,-7.503209935253385
-3.556668890396635,-7.500897736548317
-3.655705512588702,-7.49863178181735
-3.7527614023369273,-7.496411146181003
-3.7901761742901887,-7.497336923257382
-3.8268426508043847,-7.4982441847922345
-3.862775797788297,-7.49913330109639
-3.8979902818325307,-7.500004635074462
-3.93250047619588,-7.500858542372973
-3.931230466671962,-7.504812371525514
-3.929985857338523,-7.508687124095004
-3.9287661401917524,-7.5124843816131035
-3.9275708173879176,-7.516205693980841
-3.926399401040159,-7.519852580101224
-3.925251413019356,-7.5234265284992
-3.9241263847589685,-7.5269289979292155
-3.8917178570637887,-7.528998417970631
-3.859957499922513,-7.531026449611219
-3.8288323499240624,-7.533013920618995
-3.7983297029255807,-7.534961642206615
-3.7684371088670687,-7.536870409362483
-3.739142366689727,-7.538741001175233
-3.7015585193559324,-7.539215181151729
-3.6647263489688138,-7.539679877528695
-3.628630821989437,-7.540135279978121
-3.5932572055496483,-7.540581574378559
-3.5585910614386553,-7.541018942890989
-3.524618240209882,-7.541447564033169
-3.4913248754056845,-7.541867612752506
-3.4238143778975703,-7.543614260497456
-3.3576540903396186,-7.545325975287507
-3.292817008532826,-7.5470034557817565
-3.2292766683621688,-7.548647386666121
-3.167007134994925,-7.550258438932799
-3.105982992295026,-7.5518372701541425
-3.046179332449125,-7.55338452475106
-2.9816777458001424,-7.5542978342560385
-2.9184661908841396,-7.555192877570918
-2.8565188670664567,-7.5560700200195
-2.7958104897251275,-7.55692961961911
-2.736316279930625,-7.5577720272267275
-2.6780119543320122,-7.558597586682193
-2.620873715245372,-7.55940663494855
-2.5670562409404645,-7.559312502249578
-2.5143151161216553,-7.559220252204587
-2.4626288137992223,-7.559129847160495
-2.411976237523238,-7.559041250217285
-2.3623367127727732,-7.558954425212939
-2.313689978517318,-7.558869336708679
-2.2660161789469715,-7.558785949974506
-2.219295855368032,-7.558704230975016
-2.1623689382606712,-7.560498146355515
-2.1065805594954576,-7.5622561834284046
-2.0519079483055482,-7.563979059759836
-1.998328789339437,-7.565667478564639
-1.9458212135526483,-7.5673221289933466
-1.8943637892815952,-7.56894368641348
-1.8439355134959632,-7.57053281268521
-1.798774803226044,-7.572090156431505
-1.7545173071615232,-7.570842353302876
-1.7111449610182927,-7.569619506236818
-1.668640061797927,-7.568421116112082
-1.6269852605619683,-7.56724669378984
-1.586163555350729,-7.5660957599140435
-1.5461582842437145,-7.5649678447157624
-1.50873211855884,-7.5638624878214475
-1.472054476187663,-7.563419238065018
-1.4361103866639098,-7.562984853303718
-1.4008851789306316,-7.5625591562376435
-1.3663644753520188,-7.56214197311289
-1.3325341858449784,-7.561733133650632
-1.2993805021280787,-7.56133247097762
-1.266889892085517,-7.560939821558067
-1.2279240942438066,-7.5625290251269055
-1.1897376123589305,-7.564086444624367
-1.1523148601117519,-7.56561271573188
-1.115640562909517,-7.567108461417242
-1.0796997516513267,-7.568574292188897
-1.0444777566183001,-7.570010806345119
-1.0127892014859339,-7.571418590218216
-0.9817344174562151,-7.568742218413852
-0.9513007291070908,-7.5661193740455746
-0.921475714524949,-7.563548986564664
-0.89224720023445,-7.561030006833371
-0.863603256229761,-7.558561406696704
-0.8355321911051657,-7.55614217856277
-0.8083855472830623,-7.555573334991514
-0.7817818363374011,-7.555015868291684
-0.755710199610653,-7.55446955092585
-0.7301599956184399,-7.553934159907333
-0.7051207957060711,-7.553409476709186
-0.6805823797919497,-7.552895287175002
-0.6565347321961107,-7.5523913814315025
-0.6366610375521885,-7.551897553802872
-0.6171848168011448,-7.546230602726815
-0.5980981204651219,-7.540676990672279
-0.5793931580558195,-7.535234450858834
-0.561062294894703,-7.529900761841658
-0.543098048996809,-7.524673746604825
-0.5254930880168729,-7.519551271672729
-0.5028972262565353,-7.521456246239274
-0.4807532817314046,-7.523323121314489
-0.4590522160967765,-7.5251526588881985
-0.43778517177484094,-7.526945605710434
-0.4169434683393441,-7.528702693596226
-0.3965185989725572,-7.530424639724301
-0.37650222699310604,-7.532112146929815
-0.3647661824532438,-7.534712903991219
-0.3532648588041789,-7.537261645911395
-0.34199356162809524,-7.539759412993167
-0.3309476903955333,-7.542207224733304
-0.3201227365876226,-7.544606080238639
-0.30951428185587004,-7.546956958633866
-0.2957369962187526,-7.545164819461188
-0.2822352562943775,-7.543408523071965
-0.26900355116848995,-7.541687352610525
-0.25603648014512015,-7.540000605558315
-0.24332875054221778,-7.538347593447148
-0.2308751755313734,-7.536727641578205
-0.21120267202074594,-7.53514008874664
-0.19192361858033102,-7.533764286971707
-0.1730301462087244,-7.532416001232273
-0.15451454328454992,-7.531094681207628
-0.13636925241885892,-7.5297997875834755
-0.11858686737048173,-7.528530791831806
-0.10116013002307207,-7.52728717599517
-0.08408192742261061,-7.526068432475267
-0.07411828887415839,-7.5290700638257615
-0.0643539230966752,-7.532011662549247
-0.05478484463474169,-7.534894429298263
-0.04540714774204685,-7.537719540712298
-0.036217004787205895,-7.540488149898053
-0.027210664691461762,-7.543201386900092
-0.01838445139763251,-7.5458603591620905
-0.008747762369679848,-7.544250151978849
0.000696192877713761,-7.542672148939272
0.009951269020159498,-7.541125705960487
0.019021243639756318,-7.539610191841277
0.027909818766961202,-7.538124988004451
0.03662062239162199,-7.536669488244362
0.048609209943789554,-7.535243098479475
0.06035802574491377,-7.531691236509886
0.0718718652300155,-7.528210411779689
0.0831554279254152,-7.524799203544096
0.09421331936690693,-7.521456219473214
0.1050500529795688,-7.518180095083751
0.11567005191997745,-7.514969493182076
0.1260776508815779,-7.511823103318435
0.13169809786394637,-7.508599641252067
0.13720613590666747,-7.505440648427026
0.14260401318853413,-7.502344835458486
0.14789393292476347,-7.499310938749317
0.15307805426626822,-7.496337719974331
0.15815849318094288,-7.493423965574845
0.15947332331732406,-7.490568486263348
0.1607618568509776,-7.486783116538082
0.16202461971395804,-7.483073454207322
0.16326212731967887,-7.479437985123176
0.1644748847732853,-7.475875225420713
0.16566338707781963,-7.472383720912299
0.16682811933626324,-7.468962046494054
0.16796955694953797,-7.465608805564174
0.1741191658105472,-7.47160162945289
0.18014578249433627,-7.477474596863833
0.18605186684444955,-7.483230104926556
0.19183982950756057,-7.488870502828025
0.19751203291740935,-7.494398092771465
0.20307079225906116,-7.499815130916035
0.20851837641387994,-7.505123828297714
0.21769300888560233,-7.51032635173176
0.2266841487078903,-7.507192824697125
0.2354954657337325,-7.504121968203182
0.24413055641905787,-7.501112528839118
0.2525929452906767,-7.498163278262336
0.2608860863848632,-7.495273012697089
0.269013364657166,-7.492440552443147
0.27697809736402274,-7.489664741394285
0.2751525354167423,-7.4888664465664
0.27336348470840743,-7.488084117635072
0.27161021501423926,-7.487317435282371
0.26989201071395447,-7.486566086576724
0.2682081704996754,-7.485829764845191
0.26655800708968186,-7.485108169548287
0.2649408469478882,-7.484401006157322
0.26889103000893044,-7.479943986034176
0.27276220940875184,-7.4755761063134925
0.2765559652205768,-7.471295584187223
0.2802738459161652,-7.467100672503478
0.2839173689978419,-7.462989659053409
0.28748802161788506,-7.45896086587234
0.29098726118552737,-7.455012648554893
0.2944165159618168,-7.451143395583796
0.29777718564258043,-7.44358752767212
0.3010706419297288,-7.4361827771186775
0.30429822909113424,-7.428926121576304
0.30746126450931155,-7.421814599144778
0.3105610392191253,-7.414845307161882
0.3135988184347428,-7.408015401018645
0.31657584206604794,-7.401322092998272
0.31856932522472703,-7.402822651138306
0.3205229387202325,-7.404293198115541
0.3224374799458279,-7.40573433415323
0.32431373034691136,-7.407146647470166
0.32615245573997315,-7.408530714520763
0.3279544066251737,-7.409887100230349
0.3297203184926703,-7.411216358225742
0.3263969121228169,-7.413354031061227
0.3231399738803606,-7.415448950440003
0.31994817440275336,-7.417501971431203
0.3168202109146983,-7.419513932002579
0.3137548066964043,-7.421485653362528
0.3107507105624762,-7.423417940295278
0.3078066963512267,-7.425311581489373
0.30492156242420215,-7.429773349859586
0.31007413117571814,-7.434145882862394
0.3151236485522038,-7.438430965205146
0.32007217558115975,-7.442630345901043
0.32492173206953656,-7.446745738983022
0.32967429742814586,-7.450778824203362
0.33433181147958296,-7.454731247719295
0.3388961752499913,-7.458604622764908
0.3402232517449916,-7.45977453030961
0.3415237867100918,-7.460921039703418
0.34279831097589003,-7.46204461890935
0.3440473447563723,-7.463145726531163
0.3452713978612449,-7.46422481200054
0.34647096990402004,-7.46528231576053
0.3476465505059397,-7.46631866944532
0.3487986194958209,-7.463965296056414
0.3602706471059045,-7.461658990135286
0.3715132341637864,-7.45939881033258
0.3825309694805107,-7.457183834125929
0.39332835009090045,-7.45501315744341
0.40390978308908243,-7.452885894294543
0.41427958742730076,-7.450801176408652
0.42444199567875474,-7.44875815288048
0.4855501557651796,-7.446782989822871
0.5454361526498761,-7.4448473300264135
0.6041244295968785,-7.442950383425885
0.6616389410049409,-7.441091375757368
0.7180031621848421,-7.439269548242221
0.7732400989411452,-7.437484157277376
0.8273722969623223,-7.435734474131829
0.8989108510230759,-7.435926784649192
0.9690186340026143,-7.436115248956209
1.0377242613225621,-7.436299943977084
1.1050557760961108,-7.436480945097542
1.1710406605741885,-7.436658326195591
1.2357058473627047,-7.436832159671679
1.2990777304154506,-7.437002516478246
1.3593751758071415,-7.439846466148682
1.4184666722909987,-7.442633536825708
1.4763763388451787,-7.445364866089195
1.5331278120682752,-7.448041568767412
1.5887442558269096,-7.4506647373920645
1.6432483707103713,-7.453235442644224
1.696662403296164,-7.4557547337913395
1.7490081552302406,-7.458223639115513
1.7914919921256356,-7.452368166333202
1.8331261522831228,-7.446629803006538
1.8739276292374603,-7.441006206946407
1.913913076652711,-7.435495082807479
1.9530988151196567,-7.430094181151329
1.9915008388172635,-7.424801297528302
2.0291348220409184,-7.419614271577736
2.0660161256001004,-7.414530986146181
2.0963448030880985,-7.407080366423258
2.1260669070263365,-7.399778759094793
2.15519456888581,-7.392623183912898
2.1837396775080937,-7.385610720234641
2.211713883957932,-7.378738505829948
2.239128606278773,-7.372003735713349
2.2515770341531973,-7.365403660999083
2.263776493470133,-7.368584587779101
2.2757319636007307,-7.371701896023519
2.2874483243287163,-7.374756858103049
2.298930357842142,-7.377750720940988
2.3101827506852994,-7.3806847065221675
2.3212100956715935,-7.383560012391724
2.3320168937581616,-7.386377812143889
2.346663555882998,-7.389331255901012
2.3610172847653375,-7.392225630782992
2.3750839390700302,-7.395062118167332
2.3888692602886294,-7.3978418758039854
2.4023788750828565,-7.400566038287906
2.415618297581199,-7.403235717522148
2.428592931629575,-7.405852003171705
2.4372120729969833,-7.4095309631082715
2.4456588315370436,-7.413136343846106
2.4539366549063026,-7.416669616969184
2.4620489218081762,-7.420132224629801
2.4699989433720124,-7.423525580137205
2.477789964504572,-7.426851068534461
2.48542516521448,-7.4301100471637715
2.4929076619101904,-7.433303846220496
2.488819508671986,-7.433116769296086
2.4848131184985465,-7.432933433910164
2.4808868561285755,-7.43275376523196
2.4770391190060037,-7.432577689927321
2.4732683366258836,-7.432405136128774
2.469572969893366,-7.432236033406198
2.4659515104954983,-7.432070312738074
2.4616954802855884,-7.425465906483313
2.4575245706798765,-7.418993588353647
2.453437079266279,-7.412650716586574
2.449431337680953,-7.406434702254843
2.445505710927334,-7.400343008209746
2.4416585967087876,-7.394373148045552
2.437888424774612,-7.388522685084641
2.42496665627912,-7.386925231382948
2.4123033231535373,-7.38535972675529
2.3998932566904667,-7.383825532220184
2.3877313915566574,-7.3823220215757805
2.3758127637255244,-7.3808485811442655
2.364132508451014,-7.379404609521381
2.3526858582819936,-7.3779895173309535
2.3414681411163536,-7.376602726984335
2.3304747782940267,-7.373808672444649
2.319701282728146,-7.371070498995756
2.309143257073583,-7.368387089015841
2.2987963919321115,-7.365757347235524
2.2886564640934695,-7.363180200290814
2.2787193348116,-7.360654596284998
2.268980948115368,-7.358179504359298
2.2594373291530605,-7.358670914272113
2.250084582569999,-7.359152495986671
2.240918890918599,-7.359624446066938
2.231936513100227,-7.3600869571456
2.2231337828382225,-7.360540218002688
2.214507107181458,-7.360984413642635
2.206052965037829,-7.361419725369783
2.1977679057370723,-7.361846330862387
2.1896485476223306,-7.36226440424514
2.181691576669884,-7.360772116160238
2.1738937451364864,-7.359309673837033
2.158579870233756,-7.357876480360293
2.143572272829081,-7.356471950753088
2.128864827372499,-7.355095511738027
2.1144515308250487,-7.353746601503266
2.1003265002085474,-7.352424669473201
2.0864839702043763,-7.351129176083738
2.0729182908002883,-7.349859592562064
2.0596239249842823,-7.348623400710823
2.0465954464845963,-7.347411932696606
2.033827537554904,-7.346224694042674
2.0213149868038056,-7.345061200161821
2.0090526870677294,-7.343920976158585
1.9970356333263748,-7.342803556635413
1.9852589206598472,-7.341708485502705
1.9737177422466505,-7.340635315792651
1.9624073874017174,-7.346800609476799
1.951323239653683,-7.352842597287263
1.9404607748606093,-7.358763745341518
1.9019855593633972,-7.364566470434688
1.8642798481761294,-7.370253141025994
1.8273282512126068,-7.375826078205475
1.7911156861883548,-7.381287556641365
1.7556273724645879,-7.386639805508539
1.7208488250152962,-7.391885009398369
1.6867658485149903,-7.393261309210401
1.6533645315446905,-7.394610083026193
1.6206312409137968,-7.395931881365669
1.593740616095521,-7.397227243738356
1.5673878037736106,-7.398496698863589
1.5415620476981384,-7.399740764886317
1.5162528067441756,-7.400959949588591
1.491449750609292,-7.402154750596819
1.4671427555971064,-7.399469655584882
1.4433219004851643,-7.396838262473184
1.419977462475461,-7.394259497223721
1.3970999132259518,-7.391732307279246
1.3746799149614328,-7.389255661133661
1.3527083166622043,-7.386828547910988
1.3311761503289603,-7.3844499769527685
1.3100746273223811,-7.382118977413713
1.2893951347759336,-7.385077597865439
1.269129232080415,-7.38797704590813
1.2492686474388068,-7.3908185049899675
1.2298052744900307,-7.393603134890168
1.2107311690002303,-7.396332072192364
1.1920385456202256,-7.399006430748517
1.1737197747078212,-7.401627302133546
1.155767379213665,-7.404195756090875
1.1381740316293916,-7.402004840969058
1.1209325509968038,-7.399857744149677
1.1040358999768678,-7.397753589266684
1.0874771819773306,-7.3956915174813505
1.071249638337784,-7.393670687131724
1.0515706455710285,-7.39169027338909
1.0322852326596081,-7.389749467921308
1.0133855280064161,-7.394337478562882
0.9948638174462878,-7.398833728991624
0.976712541097362,-7.403240054411792
0.9589242902754148,-7.407558253323556
0.9414918044699064,-7.411790088257085
0.9244079683805083,-7.4159372864919435
0.9076658090128982,-7.4200015407621045
0.8912584928326401,-7.423984509946862
0.8751793229759873,-7.428179819747926
0.8594217365164676,-7.432291223352967
0.8439793017861382,-7.436320398885909
0.8288457157504154,-7.440268990908191
0.814014801435407,-7.444138611090027
0.7994805054066989,-7.447930838868227
0.7852368952985649,-7.4516472220908625
0.7712781573925935,-7.451601277649046
0.7575985942447416,-7.451556252096066
0.7431206223598468,-7.451512127054145
0.7289322099126498,-7.451468884513063
0.7150275657143969,-7.451426506822802
0.7014010144001089,-7.451384976686347
0.6880469941121068,-7.451344277152621
0.6749600542298647,-7.450512391609569
0.6621348531452674,-7.449697143777378
0.6495661560823621,-7.448898200901831
0.6360268329607148,-7.448115236883795
0.6227582963015006,-7.447347932146119
0.6097551303754707,-7.4465959735031975
0.5970120277679614,-7.445859054033134
0.5845237872126022,-7.4443018729524715
0.5785553114683503,-7.442775835493422
0.5727062052389833,-7.441280318783553
0.5669740811342037,-7.439814712407882
0.5613565995115196,-7.438378418159725
0.5558514675212892,-7.436970849796531
0.5504564381708634,-7.435591432800599
0.5451693094074462,-7.4342396041445875
0.5399879232192973,-7.4386528120616955
0.5288951647549114,-7.442977755820461
0.5180242614598131,-7.4472162007040525
0.5073707762306168,-7.451369876689972
0.4969303607060044,-7.455440479156173
0.48669875349188424,-7.4594296695730495
0.47667177842204655,-7.4633390761815885
0.46684534285360557,-7.465860294657957
0.4572154359965334,-7.468331088764798
0.44525312727660277,-7.470752466989502
0.4335300647310707,-7.473125417649713
0.42204146343644927,-7.475450909296718
0.41078263416772026,-7.477729891110784
0.3997489814843659,-7.479963293288569
0.3889360018546786,-7.483834027422797
0.378339281817585,-7.4876273468743415
0.36590049618123327,-7.491344799936854
0.35371048625760854,-7.494987903938117
0.34176427653245633,-7.498558145859355
0.3300569910018072,-7.502056982942167
0.318583851181771,-7.505485843283324
0.3073401741581355,-7.507264126417658
0.2963213706749728,-7.5090068438893045
0.28887194326147336,-7.510714707011519
0.28157150439624395,-7.512388412871289
0.2744170743083191,-7.514028644613863
0.26740573282215274,-7.515636071721586
0.2605346181657097,-7.517211350287154
0.2538009258023955,-7.5152541232814105
0.2458749072863476,-7.5133360408157825
0.23810740914062062,-7.511456319999467
0.2304952609578082,-7.509614193599478
0.22303535573865202,-7.507808909727489
0.21572464862387897,-7.5060397315329395
0.20856015565140137,-7.504305936902281
0.20153895253837337,-7.499517818164235
0.2040771734876059,-7.494825461800951
0.20656463001785377,-7.4902269525649325
0.2090023374174967,-7.485720413513635
0.21139129066914675,-7.481304005243362
0.2137324648557638,-7.476975925138495
0.21602681555864853,-7.472734406635726
0.21827527924747556,-7.4725617185030115
0.22004677366252606,-7.472392484132952
0.22178283818927555,-7.472226634450293
0.22348418142549004,-7.472064101761288
0.22515149779698024,-7.4719048197260625
0.22678546784104064,-7.471748723331541
0.22838675848421983,-7.47159574886491
0.22995602331453543,-7.471445833887612
0.23149390284824473,-7.468069917209861
0.22874202479127984,-7.464761518865664
0.22604518429545425,-7.461519288488351
0.22340228060954517,-7.458341902718585
0.22081223499735428,-7.4552280646642135
0.2182739902974072,-7.4521765033709295
0.21578651049145908,-7.4491859733035115
0.2133487802816299,-7.450059253837441
0.21551080467599731,-7.450915068760692
0.21762958858247736,-7.451753767385479
0.2197059968108278,-7.45257569203777
0.22174087687461125,-7.453381178197015
0.223735059337119,-7.454170554633075
0.22568935815037663,-7.454944143540414
0.2276045709873691,-7.454020260669606
0.22463047956762175,-7.4531148554562145
0.22171586997626933,-7.452227558347091
0.21885955257674394,-7.45135800718015
0.21606036152520908,-7.450505847036547
0.2133171542947049,-7.449670730095817
0.21062881120881083,-7.448852315493901
0.20799423498463462,-7.447810269184023
0.20814935028494194,-7.4467890638003436
0.20830136327924312,-7.4457882825243376
0.20845033601365826,-7.444807516873851
0.2085963292933851,-7.443846366536375
0.2087394027075174,-7.442904439205648
0.20887961465336705,-7.4419813504215355
0.2090170223602997,-7.438027723413105
0.20725268191309373,-7.434153168944843
0.20552362827483187,-7.430356105565947
0.20382915570933524,-7.426634983454628
0.20216857259514856,-7.422988283785536
0.2005412011432456,-7.419414518109825
0.1989463771203807,-7.415912227747628
0.1973834495779731,-7.420811983192676
0.19749078058641364,-7.425613743528823
0.19759596497468537,-7.430319468658246
0.19769904567519167,-7.434931079285081
0.19780006476168782,-7.43945045769938
0.19789906346645406,-7.443879448545392
0.19799608219712497,-7.448219859574484
0.19809116055318246,-7.4524734623829945
0.1981843373421188,-7.455814993135335
0.1944116505952764,-7.459089693272628
0.19071441758337088,-7.462298899407176
0.18709112923170346,-7.465443921419032
0.18354030664706938,-7.468526042990652
0.180060500514128,-7.471546522130839
0.17665029050384543,-7.474506591688223
0.17330828469376852,-7.472024459854459
0.17003311899989315,-7.46959197065737
0.1696404566198953,-7.467208131244223
0.16925564748749738,-7.464871968619339
0.16887853453774745,-7.462582529246952
0.16850896384699252,-7.4603388786620135
0.16814678457005267,-7.458140101088773
0.16779184887865162,-7.455985299066998
0.1674440119010786,-7.455240593085658
0.16699113166305704,-7.454510781223945
0.1665473090297959,-7.453795565599466
0.16611236284919997,-7.453094654287477
0.16568611559221597,-7.452407761201727
0.16526839328037166,-7.451734605977693
0.16485902541476422,-7.451074913858139
0.16445784490646892,-7.450428415580976
0.16406468800833954,-7.447692847269357
0.15770139424817275,-7.4450119903239695
0.15146536636320931,-7.4423847505174905
0.14535405903594514,-7.439810055507141
0.13936497785522625,-7.437286854396998
0.13349567829812173,-7.434814117309058
0.12774376473215932,-7.4323908349628764
0.12862888943751613,-7.431890018263619
0.1294963116487658,-7.431399217898347
0.13034638541579047,-7.430918233540381
0.13117945770747466,-7.4304468688695735
0.13199586855332515,-7.429984931492182
0.13279595118225865,-7.429532232862339
0.13358003215861347,-7.429088588205093
0.1343484315154412,-7.428061816440991
0.1334624628851324,-7.427055580112171
0.13259421362742974,-7.426069468509928
0.13174332935488114,-7.4251030791397294
0.13090946276778354,-7.4241560175569346
0.13009227351242786,-7.423227897205796
0.1292914280421793,-7.42231833926168
0.12850659948133572,-7.422243972476447
0.12437646749170901,-7.422171093026918
0.12032893814187484,-7.4220996711663805
0.11636235937903736,-7.422029677743053
0.11247511219145662,-7.421961084188192
0.1086656099476275,-7.421893862504429
0.10493229774867496,-7.421827985254341
0.10127365179370147,-7.416303425549255
0.09467617875782745,-7.41088935703827
0.08821065518267092,-7.405583569897505
0.0818744420790175,-7.400383898499555
0.07566495323743717,-7.395288220529564
0.06957965417268844,-7.390294456118974
0.06361606108923468,-7.385400566996594
0.057771739867449996,-7.384704555656663
0.064072305070101,-7.38402246454353
0.07024685896869899,-7.383354015252659
0.07629792178932503,-7.382698934947607
0.08222796335353853,-7.382056956248655
0.08803940408646778,-7.381427817123682
0.09373461600473844,-7.380811260781209
0.09931592368464368,-7.380207035565585
0.0999026052109508,-7.377643894854273
0.10047755310673179,-7.3751320169571875
0.10104100204459715,-7.372670376618044
0.1015931820037052,-7.370257969085683
0.1021343183636311,-7.36789380970397
0.10266463199635847,-7.365576933509891
0.1031843393564313,-7.363306394839693
0.10369365256930267,-7.3676042669429
0.09815077951791663,-7.371816181604042
0.09271876392755832,-7.375943857971961
0.08739538864900714,-7.379988980812523
0.082178480876027,-7.383953201196273
0.07706591125850645,-7.387838137172348
0.07205559303333633,-7.391645374428901
0.06714548117266962,-7.389258466940323
0.040203571549216235,-7.3869192976015166
0.01380050011823192,-7.3846269116494865
-0.012074509884132712,-7.382380373416497
-0.037432019686450047,-7.380178765948168
-0.06228237929272104,-7.378021190629205
-0.08663573170686661,-7.375906766816621
-0.11050201707272927,-7.370520631480289
-0.1338909767312747,-7.3652422188506845
-0.1568121571966492,-7.360069374473672
-0.17927491405271623,-7.354999986984199
-0.2012884157716619,-7.350031987244515
-0.22286164745622866,-7.345163347499625
-0.2440034145071041,-7.340392080549633
-0.269238346216962,-7.335716238938641
-0.29396857929262277,-7.338540914159868
-0.3182042077067703,-7.34130909587667
-0.3419551235526349,-7.3440219139591365
-0.3652310210815822,-7.346680475679953
-0.3880414006599505,-7.349285866166354
-0.41039557264675147,-7.351839148843027
-0.43230266119381644,-7.347347365866165
-0.4537716079699401,-7.342945418548841
-0.4748111758105413,-7.338631510177865
-0.4954299522943304,-7.334403879974308
-0.5156363532484437,-7.330260802374822
-0.5354386261834747,-7.3262005863273245
-0.5548448536598052,-7.3222215746007775
-0.573862956586609,-7.326306143108762
-0.5925006974548768,-7.330309020246587
-0.6285246835057793,-7.334231839841656
-0.6638281898356637,-7.338076203044823
-0.6984256260389504,-7.341843678983927
-0.7323311135181714,-7.345535805404248
-0.765558491247808,-7.349154089296164
-0.7981213214228517,-7.348212007510241
-0.8300328949943947,-7.347288767360036
-0.8613062370945068,-7.346383992012836
-0.8788611123526167,-7.345497312172579
-0.8960648901055642,-7.344628365929128
-0.9129245923034529,-7.343776798610546
-0.9294471004573838,-7.342942262638335
-0.945639158448236,-7.345742417385568
-0.9615073752792712,-7.348486569037857
-0.9653142277736857,-7.351175837657101
-0.969044943218212,-7.353811320903959
-0.9727010443538479,-7.35639409448588
-0.9762840234667708,-7.358925212596163
-0.9797953429974353,-7.361405708344241
-0.9832364361374867,-7.357094594177355
-0.9866087074147369,-7.352869702293808
-0.9700005332664421,-7.348729308247932
-0.9537245226011133,-7.344671722082973
-0.937774032149091,-7.340695287641314
-0.9221425515061092,-7.336798381888487
-0.906823700475987,-7.332979414250717
-0.8918112264664673,-7.336173825965703
-0.877099001937138,-7.33930434944639
-0.8650750218983952,-7.342372262457463
-0.8532915214604273,-7.3453788172083145
-0.8417436910312187,-7.348325240864149
-0.8304268172105943,-7.351212736046866
-0.8193362808663824,-7.35404248132593
-0.8084675552490548,-7.353280631699412
-0.7978162041440737,-7.352534019065423
-0.7873778800611922,-7.351802338684115
-0.7771483224599685,-7.351085291910433
-0.7671233560107691,-7.350382586072224
-0.7572988888905537,-7.34969393435078
-0.7476709111127426,-7.3490190556637645
-0.7382354928904878,-7.35368767455049
-0.7289887830326781,-7.358262921059481
-0.7199270073720245,-7.362746662638291
-0.7110464672245841,-7.367140729385526
-0.7023435378800924,-7.371446914797816
-0.6938146671224905,-7.37566697650186
-0.6854563737800408,-7.374226636971823
-0.67726524630444,-7.372815104232387
-0.6692379413783511,-7.3714318021477405
-0.6613711825507841,-7.370076166104786
-0.6536617588997684,-7.368747642782691
-0.646106523721773,-7.367445689927038
-0.6387023932473376,-7.366169776128498
-0.6314463453823909,-7.3649193806059285
-0.6227884184747431,-7.368569992993811
-0.6143036501052482,-7.372147593133935
-0.6059885771031434,-7.375653641271256
-0.5978398055610805,-7.379089568445831
-0.589854009449859,-7.382456777076915
-0.5820279292608619,-7.3857566415353775
-0.5743583706756447,-7.38899050870467
-0.5668422032621319,-7.392159698530577
-0.5594763591968893,-7.387165504559966
-0.5522578320129515,-7.382271194468767
-0.5378336753726924,-7.377474770579392
-0.5236980018652385,-7.372774275167804
-0.5098450418279337,-7.368167789664448
-0.4962691409913749,-7.36365343387116
-0.48296475817154744,-7.359229365193737
-0.46992646300811647,-7.354893777889862
-0.4571489337479541,-7.350644902332066
-0.44462695507299504,-7.3523790042854245
-0.43235541597153515,-7.354078424199716
-0.42032930765210447,-7.355743855715721
-0.4085437214990624,-7.357375978601406
-0.39699384706908114,-7.358975459029378
-0.3856749701276995,-7.36054294984879
-0.37458247072514556,-7.3620790908518146
-0.36371182131064267,-7.360578509034778
-0.3530585848844298,-7.359107938854083
-0.34261841318674124,-7.357666780077002
-0.3323870449230064,-7.3562544444754625
-0.3223603040245463,-7.354870355585954
-0.31055209794405536,-7.353513948474235
-0.29898005598517424,-7.352184669504751
-0.28763945486547077,-7.350881976114656
-0.27652566576816134,-7.349605336592363
-0.2656341524527981,-7.348354229860516
-0.2549604694037421,-7.347128145263306
-0.24450026001566727,-7.34592658235804
-0.2342492548153539,-7.34474905071088
-0.22420326971904683,-7.343595069696662
-0.21435820432466587,-7.34246416830273
-0.20471004023817255,-7.341355884936675
-0.19525483943340907,-7.340269767237942
-0.18598874264474088,-7.339205371893184
-0.17690796779184606,-7.33816226445532
-0.16800880843600913,-7.337140019166214
-0.15928763226728893,-7.3361382187828905
-0.15074087962194313,-7.335156454407233
-0.14236506202950425,-7.334194325319089
-0.13415676078891414,-7.333251438812708
-0.12778262557313586,-7.3329594100364535
-0.12153597306167313,-7.332673221835725
-0.11541425360043966,-7.33239275739901
-0.10941496852843086,-7.33211790225103
-0.10353566915786222,-7.331848544206009
-0.09777395577470496,-7.331584573321889
-0.09212747665921087,-7.331325881855451
-0.08659392712602665,-7.331072364218342
-0.0811710485835061,-7.3308239169339755
-0.07585662761183598,-7.3305804385952955
-0.07064849505959925,-7.330341829823389
-0.06554452515840725,-7.330107993226921
-0.060542634655239104,-7.3298788333623826
-0.05564078196213431,-7.329654256695135
-0.05083696632289161,-7.329434171561232
-0.04612922699643376,-7.3292184881300075
-0.04151564245650507,-7.329007118367407
-0.03699432960737495,-7.3287999760000595
-0.03256344301522744,-7.328596976480059
-0.02408517415492288,-7.332574036950458
-0.01577647067182441,-7.336471556211449
-0.007633941258387908,-7.34029112508722
0.0003457375667798631,-7.344034302585476
0.008165822815444278,-7.347702616533767
0.015829506359135406,-7.351297564203092
0.02333991623195271,-7.35482061291903
0.030700117907313668,-7.35827320066065
0.0379131155491674,-7.361656736647438
0.044981853238184065,-7.36497260191449
0.05190921617342039,-7.368222149876201
0.05869803184995199,-7.371406706878677
0.06535107121295296,-7.374527572741104
0.07187104978869391,-7.377586021286282
0.07826062879292005,-7.380583300860557
0.08452241621706166,-7.383520634843346
0.09065896789272045,-7.382423222146479
0.08848078853486605,-7.38134775770355
0.08634617276416873,-7.380293802549479
0.08425424930888537,-7.37926092649849
0.08220416432270766,-7.37824870796852
0.08019508103625352,-7.37725673380915
0.07822617941552845,-7.376284599132967
0.0762966558272179,-7.375331907150309
0.07440572271067356,-7.374398269007303
0.0725526082564601,-7.372116303627157
0.07073655609133091,-7.369879977554615
0.0689568249695043,-7.367688378003524
0.06721268847011422,-7.365540610443454
0.06550343470071195,-7.363435798234586
0.06382836600669772,-7.361373082269894
0.06325379868656378,-7.359351620624497
0.06269072271283252,-7.365702588212007
0.062138908258575876,-7.371926536447767
0.06159813009340437,-7.378026005718812
0.06106816749153629,-7.3840034856044365
0.060548804141705576,-7.389861415892348
0.060039828058871474,-7.395602187574501
0.059541031497694054,-7.401228143823011
0.059052210867740186,-7.406741580946551
0.058573166650385394,-7.41214474932762
0.05810370331737769,-7.417439854341068
0.05764362925103015,-7.422629057254247
0.05719275666600956,-7.424665476109162
0.05675090153268938,-7.426661166586979
0.0563178835020356,-7.428616943255239
0.055893525831994896,-7.430533604390134
0.05547765531535501,-7.432411932302331
0.055070102209047914,-7.434252693656285
0.05467070016486696,-7.43605663978316
0.054722286161569635,-7.437824506987496
0.05477284043833825,-7.439557016847746
0.054822383629571494,-7.441254876510791
0.05487093595698008,-7.442918778980575
0.05491851723784049,-7.444549403400964
0.05496514689308369,-7.446147415332944
0.05501084395522202,-7.447713467026285
0.055055627076117594,-7.449248197685759
0.05509951453459526,-7.450752233732044
0.05514252424390337,-7.452226189057403
0.05518467375902532,-7.453670665276255
0.05522598028384483,-7.45508625197073
0.05526646067816795,-7.456473526931315
0.0553061314646046,-7.457833056392689
0.05534500883531252,-7.459165395264835
0.05538310865860628,-7.460471087359538
0.05542044648543417,-7.461750665612348
0.055457037555725494,-7.463004652300101
0.055492896804611,-7.464233559254099
0.0555280388685188,-7.465437888069017
0.05556247809114844,-7.466618130307637
0.055596228529325484,-7.467774767701484
0.05562930395873899,-7.468908272347455
0.05566171787956422,-7.470019106900506
0.055693483521972946,-7.471107724762496
0.055724613851533496,-7.472174570267247
0.05575512157450283,-7.473220078861901
0.05578501914301279,-7.474244677284664
0.05581431876015255,-7.47524878373897
0.055843032384949504,-7.476232808064191
0.05587117173725053,-7.4771971519029075
0.055898748302505526,-7.478142208864849
0.055925773336455424,-7.479068364687552
0.055952257869726324,-7.483456997393802
0.05597821271233181,-7.487757857445926
0.056003648458085184,-7.4919727002970085
0.056028575488923496,-7.496103246291069
0.05605300397914504,-7.500151181365248
0.05607694389956215,-7.504118157737944
0.056100405021570925,-7.508005794583186
0.05612339692113952,-7.511815678691523
0.056145928982716746,-7.509651365117692
0.05616801040306242,-7.507530337815338
0.05618965019500119,-7.505451731059032
0.05621085719110118,-7.503414696437852
0.05623164004727917,-7.501418402509095
0.0562520072463336,-7.499462034458913
0.056271967101406944,-7.497544793769736
0.056291527759378825,-7.497830897894341
0.056310697204191254,-7.498111279936454
0.05632948326010744,-7.498386054337725
0.0563478935949053,-7.498655333250971
0.05636593572300721,-7.498919226585952
0.05638361700854708,-7.499177842054233
0.05640094466837615,-7.499431285213149
0.056417925775008634,-7.501370659508886
0.056434567259508475,-7.503271246318708
0.05645087591431832,-7.505133821392334
0.056466858396031966,-7.506959144964488
0.05648252122811134,-7.508747962065198
0.05649787080354913,-7.510501002823894
0.05651291338747815,-7.513261982767416
0.0565276551197286,-7.515967743112068
0.05654210201733404,-7.518619388249827
0.06169925997698737,-7.521218000484831
0.06675327477744764,-7.523764640475135
0.07170620928189869,-7.526260347665633
0.07656008509626072,-7.528706140712321
0.08131688339433552,-7.524238017898075
0.08597854572644881,-7.519859257540113
0.09054697481191984,-7.5155680723893115
0.09333403531568145,-7.511362710941525
0.09606535460936783,-7.507241456722695
0.09874204751718046,-7.503202627588241
0.10136520656683685,-7.499244575036476
0.10393590243550012,-7.498666683535747
0.10645518438679012,-7.498100349865033
0.10892408069905432,-7.497545342867733
0.10819759908507325,-7.497001436010379
0.10748564710337179,-7.496468407290172
0.10678793416130436,-7.4959460391443695
0.10610417547807828,-7.495434118361483
0.10543409196851672,-7.493593435994253
0.10477741012914639,-7.491789567274368
0.10413386192656347,-7.490021775928881
0.10573718468803221,-7.4882893404103035
0.10730844099427157,-7.486591553602097
0.10884827217438615,-7.484927722530055
0.11035730673089844,-7.483297168079454
0.11183616059628049,-7.484848224717865
0.11328543738435488,-7.486368260223508
0.1225777286366678,-7.487857895019038
0.13168417406393446,-7.4893177371186574
0.14060849058265576,-7.490748382376284
0.14935432077100264,-7.4921504147287585
0.1579252343555826,-7.493524406434184
0.16632472966847095,-7.494870918305501
0.17455623507510154,-7.493548499939391
0.18262311037359952,-7.492252529940603
0.1986436481661275,-7.490982479341792
0.21434377520280495,-7.489737829754956
0.22972989969874885,-7.488518073159858
0.24480830170477386,-7.487322711696661
0.2595851356706784,-7.486151257462729
0.2740664329572649,-7.485003232313475
0.28825810429811966,-7.488778167667205
0.30991794221215724,-7.492477604313861
0.3311445833679141,-7.496103052227585
0.35194669170055576,-7.499655991183033
0.37233275786654463,-7.503137871359373
0.3923111027092137,-7.506550113932185
0.4118898806550294,-7.509894111653542
0.43107708304192877,-7.513171229420471
0.4498805413810902,-7.516742804832061
0.46830793055346837,-7.52024294873542
0.48636677194239897,-7.523673089760711
0.504064436503551,-7.527034627965497
0.52140814777348,-7.530328935406187
0.5384049848180105,-7.533557356698063
0.5550618851216503,-7.536721209564102
0.5713856474192174,-7.53982178537282
0.5825239344708331,-7.5428603496653635
0.5934394557814164,-7.544894142672056
0.6041366666657881,-7.5468872598186145
0.6146199333324723,-7.548840514622242
0.6248935346658229,-7.550754704329797
0.6349616639725064,-7.552630610243201
0.6448284306930563,-7.554468998038336
0.6544978620791951,-7.556270618077569
0.6619669048376111,-7.556929205716018
0.6692865667408588,-7.557574621601698
0.6764598354060416,-7.558207129169664
0.6834896386979207,-7.55882698658627
0.6903788459239621,-7.559434446854545
0.6971302690054828,-7.560029757917454
0.7037466636253731,-7.560613162759105
0.7102307303528655,-7.561184899503923
0.7165851157458082,-7.561745201513844
0.722812413430892,-7.559792297483567
0.7289151651622741,-7.557878451533896
0.7348958618590286,-7.556002882503218
0.7407569446218479,-7.554164824853155
0.7465008057294109,-7.552363528356092
0.7521297896148226,-7.5505982577889705
0.7576461938225261,-7.548868292633191
0.7630522699460754,-7.547172926780528
0.7683502245471538,-7.541395468244917
0.7735422200562106,-7.535733558880019
0.7786303756550863,-7.530184887702419
0.7836167681419846,-7.524747189948371
0.7885034327791448,-7.519418246149404
0.7932923641235619,-7.514195881226416
0.7979855168410905,-7.5090779636018885
0.8025848065042687,-7.504062404329851
0.8070921103741833,-7.503443156243255
0.8072452681666996,-7.50283629311839
0.8073953628033657,-7.502241567256023
0.8075424555472983,-7.501658735910904
0.8076866064363524,-7.501087561192686
0.8078278743076254,-7.500527809968833
0.8079663168214729,-7.499979253769458
0.8081019904850435,-7.499441668694069
0.7998029506753426,-7.494038835320188
0.7916698916618357,-7.488744058613785
0.7836994938285989,-7.4835551774415086
0.7758885039520269,-7.478470073892678
0.7682337338729863,-7.473486672414825
0.7607320591955266,-7.468602938966528
0.753380418011616,-7.463816880187197
0.7498198096513837,-7.4646375425834535
0.746330413458356,-7.465441791731784
0.742910805189189,-7.466229955897148
0.7395595890854052,-7.467002356779205
0.7362753973036972,-7.467759309643621
0.7330568893576233,-7.468501123450748
0.7299027515704708,-7.469228100981733
0.7245826965390614,-7.465701538962099
0.7193690426082802,-7.462245508182858
0.7142596617561146,-7.4588585980192015
0.7092524685209922,-7.455539426058818
0.7043454191505724,-7.452286637537642
0.699536510767561,-7.44909890478689
0.6948237805522097,-7.445974926691153
0.6902053049411655,-7.44291342815733
0.6856791988423422,-7.439913159594184
0.6812436148654953,-7.436972896402301
0.6817957425681855,-7.437927438474255
0.6823368277168219,-7.438862889704771
0.6828670911624856,-7.4397796319106755
0.6833867493392359,-7.440678039272463
0.6838960143524513,-7.441558478487014
0.6843950940654023,-7.442421308917274
0.6848841921840944,-7.4432668827389294
0.6853635083404125,-7.444095545084151
0.6858332381736043,-7.444907634182468
0.6862935734101323,-7.445703481498819
0.6867447019419297,-7.446483411868844
0.6871868079030912,-7.4472477436314675
0.6876200717450294,-7.4479967887588385
0.6880446703101288,-7.448730852983662
0.6884607769039264,-7.449450235923989
0.688868561365848,-7.45015523120551
0.689268190138531,-7.450846126581401
0.6896598263357605,-7.451523204049773
0.6900436298090453,-7.452186739968778
0.6904197572128645,-7.452837005169403
0.6907883620686073,-7.453474265066015
0.6911495948272351,-7.454098779764696
0.6915036029306905,-7.454710804169402
0.6772725308720767,-7.458861588086013
0.6633260802546352,-7.462929356324293
0.6496585586495426,-7.466915769197807
0.6362643874765518,-7.470822453813851
0.6231380997270208,-7.474651004737574
0.6102743377324805,-7.478402984642822
0.597667850977831,-7.482079924949966
0.5853134939582745,-7.485683326450967
0.573206224079109,-7.489214659921947
0.561341099597527,-7.492675366723508
0.5497132776055765,-7.496066859389037
0.5383180120534651,-7.491091522201257
0.5271506518123958,-7.4862156917572324
0.516206638776148,-7.481437377922089
0.5054815060006251,-7.476754630363648
0.4949708758806126,-7.472165537756376
0.4846704583630003,-7.467668227001249
0.4745760491957403,-7.463260862461224
0.46468352821182546,-7.4589416452120005
0.4549888576475889,-7.454708812307762
0.4454880804946371,-7.450560636061607
0.43617731888474437,-7.446495423340376
0.4270527725070495,-7.442511514873569
0.41811071705690844,-7.438607284576099
0.40934750271577025,-7.434781138884578
0.4007595526614548,-7.431031516106887
0.3923433616082257,-7.42735688578475
0.38409549437606116,-7.4237557480690555
0.3760125844885399,-7.420226633107675
0.3680913327987691,-7.416768100445522
0.3603285061427937,-7.413378738436613
0.3527209360199378,-7.410057163667881
0.345265517299539,-7.406802020394524
0.3379592069535482,-7.403611979986635
0.3307990228144772,-7.400485740386903
0.32378204235818764,-7.397422025579165
0.31690540151102387,-7.394419585067583
0.3101662934808034,-7.3914771933662315
0.3035619676111873,-7.388593649498907
0.2970897282589635,-7.38576777650893
0.29074693369378424,-7.382998420978752
0.28603799501990856,-7.380284452559177
0.2814232351195104,-7.377624763507995
0.2769007704171202,-7.375018268237835
0.2724687550087778,-7.374649902873079
0.26812537990860225,-7.374288904815618
0.2638688723104302,-7.373935126719306
0.2596974948642216,-7.37358842418492
0.25560954496693716,-7.373248655701222
0.25160335406759843,-7.372915682587197
0.24767728698624647,-7.372589368935453
0.24382974124652154,-7.372269581556744
0.24005914642159112,-7.371956189925609
0.2363639634931593,-7.371649066127097
0.23274268422329614,-7.371348084804556
0.22919383053883022,-7.371053123108465
0.22571595392805363,-7.370764060646295
0.22230763484949256,-7.37048077943337
0.21896748215250272,-7.375874163844703
0.21569413250945269,-7.381159680567809
0.21248624985926365,-7.3863394869564525
0.20934252486207838,-7.391415697217324
0.20626167436483683,-7.396390383272978
0.2032424408775401,-7.4012655756075185
0.2002835920599893,-7.406043264095368
0.19738392021878953,-7.410725398813461
0.19454224181441376,-7.415313890837192
0.1917573969781255,-7.419810613020449
0.189028249038563,-7.42421740076004
0.18635368405779174,-7.428536052744839
0.1837326103766359,-7.432768331689942
0.1811639581691032,-7.436915965056144
0.17864667900572115,-7.440980645755022
0.17617974542560674,-7.444964032839922
0.17376215051709462,-7.448867752183124
0.17139290750675273,-7.452693397139462
0.16907104935661768,-7.456442529196673
0.16679562836948533,-7.46011667861274
0.16456571580209564,-7.463717345040486
0.16238040148605373,-7.467245998139677
0.16023879345633266,-7.470704078176883
0.158140017587206,-7.474092996613346
0.1560832172354619,-7.477414136681079
0.15406755289075266,-7.480668853947458
0.15209220183293762,-7.48385847686851
0.15015635779627887,-7.48027430733114
0.1444952306403533,-7.476761821184517
0.13894732602754623,-7.4733195847608265
0.13351037950699532,-7.46994619306561
0.1281821719168554,-7.466640269204298
0.1229605284785183,-7.463400463820212
0.11784331790894795,-7.460225454543807
0.11282845155076898,-7.457113945452931
0.10791388251975362,-7.454064666543872
0.10309760486935854,-7.451076373212995
0.09837765277197139,-7.448147845748736
0.09644909971653196,-7.442068888833761
0.09455911772220132,-7.436111511057086
0.0927069353677573,-7.430273280835944
0.09089179666040216,-7.424551815219226
0.08911296072719412,-7.418944778914842
0.08736970151265024,-7.413449883336545
0.08566130748239724,-7.408064885669814
0.08398708133274929,-7.402787587956419
0.08234633970609431,-7.39761583619729
0.08073841291197242,-7.392547519473345
0.07916264465373297,-7.3875805690838785
0.07761839176065832,-7.382712957702201
0.07610502392544516,-7.377942698548157
0.07462192344693626,-7.3824518445771945
0.07316848497799754,-7.386870807685651
0.07174411527843759,-7.391201391531938
0.07034823297286884,-7.3954453637013
0.06898026831341146,-7.399604456427274
0.06763966294714324,-7.403680367298729
0.06632586968820038,-7.407674759952754
0.06503835229443639,-7.411589264753699
0.06377658524854767,-7.415425479458626
0.06254005354357672,-7.419184969869454
0.061328252472705194,-7.422869270472065
0.0581786874232511,-7.418127885062624
0.055092113674786086,-7.413481327361372
0.052067271401290374,-7.408927700814145
0.04910292597326458,-7.404465146797862
0.04619786745379929,-7.400091843861905
0.04335091010472332,-7.395806006984667
0.04056089190262886,-7.3916058868449745
0.03782667406457629,-7.387489769108075
0.035147140583284775,-7.383455973725915
0.03252119777161909,-7.379502854251397
0.029947773816186716,-7.375628797166369
0.02928781833986299,-7.380639221223042
0.028641061973065738,-7.3855494367985814
0.02800724073360443,-7.39036144806261
0.02738609591893235,-7.395077219101358
0.02677737400055371,-7.399698674719331
0.02618082652054264,-7.4042277012249444
0.025596209990131798,-7.408666147200446
0.02502328579032917,-7.413015824256437
0.02446182007452259,-7.417278507771308
0.023911583673032148,-7.421455937615883
0.023372351999571512,-7.425549818863566
0.02284390495958009,-7.429561822486295
0.022326026860388495,-7.433493586036569
0.021818506323180734,-7.437346714315837
0.021321136196717126,-7.441122780029521
0.020833713472782792,-7.444823324428931
0.020356039203327146,-7.448449857940353
0.01988791841926061,-7.452003860781546
0.019429160050875405,-7.455486783565915
0.018979576849857904,-7.458900047894597
0.018538985312860756,-7.4622450469367045
0.01810720560660355,-7.46552314599797
0.017684061494471486,-7.468735683078011
0.017269380264582065,-7.471883969416451
0.01686299265929043,-7.474969290028122
0.016896732806104632,-7.47466890422756
0.01692979814998255,-7.474374526143008
0.016962202186982907,-7.474086035620148
0.016993958143243258,-7.473803314907745
0.017025078980378403,-7.47352624860959
0.017055577400770842,-7.473254723637399
0.017085465852755437,-7.472988629164651
0.017114756535700337,-7.472727856581358
0.01714346140498634,-7.472472299449731
0.017171592176886623,-7.472221853460736
0.0171991603333489,-7.471976416391522
0.01722617712668193,-7.470368888063692
0.014443653584148303,-7.468793510302418
0.011716780512465347,-7.4672496400963695
0.00904444490221605,-7.465736647294443
0.00642555600417174,-7.4642539143485545
0.0038590448840883154,-7.462800836061584
0.0013438639864065596,-7.4613768193403525
-0.001121013293321562,-7.459981282953546
-0.003536593027455121,-7.4586136572944755
-0.005903861166906008,-7.4572733841485865
-0.008223783943567877,-7.455959916465615
-0.01049730826469651,-7.454672718136304
-0.012725362099402568,-7.453411263773578
-0.014908854857414505,-7.452175038498107
-0.017048677760266202,-7.455499537728146
-0.01914570420506087,-7.458757546973584
-0.02120079012095965,-7.461950396034113
-0.02321477431854045,-7.465079388113431
-0.025188478832169632,-7.468145800351163
-0.027122709255526234,-7.47115088434414
-0.0290182550704157,-7.474095866657257
-0.030875889969007378,-7.476981949324113
-0.03269637216962722,-7.479810310337631
-0.03448044472623467,-7.482582104130879
-0.036228835831709966,-7.479063462048262
-0.03611725911507575,-7.475615192807297
-0.03600791393277423,-7.472235888951151
-0.03590075565411873,-7.468924171172128
-0.03579574054103635,-7.465678687748686
-0.03569282573021561,-7.462498113993712
-0.03559196921561129,-7.459381151713838
-0.03549312983129905,-7.456326528679562
-0.035396267234673054,-7.453332998105971
-0.03530134188997958,-7.450399338143852
-0.03520831505217998,-7.447524351380975
-0.03511714875113637,-7.451376864353356
-0.03586280577611363,-7.455152327066289
-0.03659354966059135,-7.4588522805249635
-0.03730967866737951,-7.462478234914465
-0.038011485094031905,-7.466031670216176
-0.03869925539215126,-7.469514036811852
-0.03937327028430822,-7.472926756075616
-0.04003380487862204,-7.476271220954104
-0.0406811287810496,-7.479548796535021
-0.04131550620542859,-7.482760820604321
-0.041937196081320016,-7.485908604192235
-0.042546452159693604,-7.488993432108391
-0.043143523116499716,-7.4920165634662235
-0.04372865265416971,-7.494979232196899
-0.0443020796010863,-7.497882647552961
-0.044864038009064564,-7.5007279946019025
-0.04541475724888326,-7.503516434709865
-0.04595446210390558,-7.506249106015668
-0.04648337286182745,-7.508927123895354
-0.04700170540459089,-7.511551581417447
-0.047509671296499065,-7.514123549789098
-0.04800747787056907,-7.516644078793317
-0.04849532831315767,-7.519114197217451
-0.04897342174689451,-7.521534913273102
-0.04944195331195661,-7.5239072150076405
-0.04990111424571747,-7.526232070707488
-0.050351091960803104,-7.5285104292933385
-0.050839070121587025,-7.527354220707472
-0.05131728871915527,-7.526221136293323
-0.05178594294477216,-7.525110713567456
-0.05224522408587671,-7.524022499296108
-0.052695319604159165,-7.522956049310186
-0.05313641321207597,-7.521910928323982
-0.05356868494783445,-7.5208867097575025
-0.053992311248877746,-7.519882975562353
-0.05440746502390018,-7.5188993160511055
-0.054814315723422165,-7.517935329730084
-0.054946029408953705,-7.516990623135483
-0.05507510882077462,-7.516064810672773
-0.055201606644359115,-7.515157514459318
-0.055325574511471916,-7.514268364170132
-0.055447063021242464,-7.51339699688673
-0.055566121760817606,-7.512543056948996
-0.05568279932560124,-7.511706195810016
-0.0557971433390892,-7.510886071893816
-0.0559092004723074,-7.51008235045594
-0.05601901646286125,-7.509294703446822
-0.05612663613360402,-7.508522809377886
-0.056232103410931926,-7.507766353190329
-0.056335461342713285,-7.507025026126523
-0.056436752115859,-7.5062985256039925
-0.0565360170735418,-7.505586555091913
-0.05663329673207095,-7.504888823990075
-0.05672863079742952,-7.504205047510274
-0.056822058181480915,-7.503534946560069
-0.056913617017851297,-7.502878247628868
-0.05700334467749426,-7.501807682676291
-0.05709127778394437,-7.500758529022765
-0.05717745222826547,-7.499730358442311
-0.05726190318370016,-7.4987227512734655
-0.05734466512002615,-7.497735296247996
-0.057425771817625614,-7.496767590323037
-0.057505256381273094,-7.495819238516576
-0.05758315125364762,-7.494889853746245
-0.053251488228574666,-7.4939790566713205
-0.049006458464003165,-7.493086475537894
-0.04484632929472309,-7.492211746027137
-0.04076940270882862,-7.491354511106595
-0.036774014654652035,-7.490514420884463
-0.032858534361558986,-7.489691132466775
-0.029021363674327796,-7.48888430981744
-0.025260936400841233,-7.488093623621092
-0.0215757176728244,-7.4873187511486705
-0.017964203319367905,-7.488113376125697
-0.01792091925298054,-7.488892108603183
-0.01787850086792092,-7.48965526643112
-0.017836930850562496,-7.490403161102498
-0.017796192233551236,-7.491136097880449
-0.017756268388880204,-7.49185437592284
-0.01771714302110259,-7.492558288404384
-0.017678800160680533,-7.493248122636296
-0.01764122415746691,-7.49392416018357
-0.017604399674317567,-7.494586676979899
-0.017568311680831207,-7.495235943440301
-0.017532945447214572,-7.495872224571495
-0.01749828653827027,-7.496495780080066
-0.025848320807504856,-7.500815864478465
-0.03403135439135475,-7.5050495471888965
-0.042050727303527644,-7.509198556245119
-0.049909712757457085,-7.5132645851202176
-0.057611518502307925,-7.517249293417814
-0.06515928813226175,-7.521154307549458
-0.0725561023696165,-7.52498122139847
-0.07980498032222416,-7.528731596970501
-0.08690888071577967,-7.532406965031091
-0.09387070310146406,-7.5360088257304705
-0.10069328903943477,-7.534735649215861
-0.12145442325864605,-7.533487936231544
-0.14180033479347312,-7.532265177506913
-0.16173932809760364,-7.5310668739567745
-0.18127954153565154,-7.5298925364776395
-0.2004289507049385,-7.528741685748087
-0.21919537169083972,-7.5276138520331255
-0.23758646425702287,-7.526508574992463
-0.2556097349718824,-7.525425403492614
-0.27327254027244474,-7.524363895422762
-0.2905820894669958,-7.523323617514307
-0.3075454476776559,-7.521029145164021
-0.32416953872410276,-7.518780562260741
-0.33442614794962067,-7.516576951015526
-0.34447762499062823,-7.514417411995215
-0.3543280724908156,-7.51230106375531
-0.36398151104099924,-7.510227042480204
-0.3734418808201792,-7.5081945016306
-0.3827130432037756,-7.506202611597987
-0.3917987823397,-7.504250559366028
-0.400702806692906,-7.502337548178708
-0.4094287505590478,-7.500462797215134
-0.4179801755478669,-7.498625541270831
-0.42636057203690947,-7.4968250304454145
-0.4345733605961713,-7.495060529836506
-0.4426218933842478,-7.4933313192397755
-0.4505094555165628,-7.49163669285498
-0.4636492664062315,-7.4899759589978805
-0.47652628107810685,-7.488348439817923
-0.4891457554565447,-7.486753471021564
-0.5015128403474138,-7.485190401601133
-0.5136325835404656,-7.4836585935691105
-0.5255099318696562,-7.482157421697728
-0.5371497332322631,-7.480686273263774
-0.5485567385676179,-7.478097547798498
-0.5597356037962655,-7.475560596842528
-0.5706908917203402,-7.4730743849056775
-0.5814270738859333,-7.470637897207564
-0.5919485324082147,-7.468250139263413
-0.6022595617600504,-7.465910136478144
-0.6123643705248494,-7.463616933748582
-0.6222670831143524,-7.461369595073609
-0.6319717414520654,-7.459167203172137
-0.6414823066230241,-7.457008859108694
-0.6508026604905636,-7.4587226819265195
-0.6599366072807523,-7.46040222828799
-0.6688878751351373,-7.46204818372223
-0.6776601176324345,-7.463661220047785
-0.6862569152797858,-7.46524199564683
-0.6946817769741901,-7.466791155733893
-0.7029381414347062,-7.468309332619215
-0.692598378606012,-7.469797145966831
-0.6824654110338917,-7.471255203047495
-0.6725351028132137,-7.472684098986544
-0.6628034007569493,-7.4740844170068135
-0.6532663327418102,-7.4754567286666775
-0.643920006086974,-7.476801594093344
-0.6347606059652344,-7.478119562211478
-0.6257843938459297,-7.479411170967248
-0.616987705969011,-7.480676947547903
-0.6083669518496306,-7.481917408596945
-0.5949426128126379,-7.483133060425006
-0.5817867605563851,-7.484324399216506
-0.5688940253452573,-7.485491911232176
-0.5562591448383521,-7.486636073007532
-0.5438769619415851,-7.487757351547382
-0.5317424227027533,-7.488856204516434
-0.5198505742486982,-7.4899330804261055
-0.5081965627637242,-7.4896764188175835
-0.4967756315084496,-7.489424890441232
-0.48558311887828054,-7.489178392632408
-0.4746144565007149,-7.488936824779761
-0.46386516737070055,-7.4887000882841654
-0.45333086402328654,-7.488468086518482
-0.4430072467428208,-7.488240724788113
-0.4328901018079644,-7.488017910292351
-0.42303529977180504,-7.487799552086504
-0.41337759377636896,-7.487585561044774
-0.40391304190084154,-7.487375849823879
-0.39463778106282466,-7.4852163328274015
-0.38554802544156813,-7.483100006170854
-0.3766400649327368,-7.481026006047438
-0.367910263634082,-7.47899348592649
-0.3593550583614004,-7.477001616207961
-0.35097095719417243,-7.475049583883802
-0.342754538050289,-7.473136592206126
-0.3351374472892832,-7.471261860362004
-0.3276726983434975,-7.469424623154764
-0.3203572443766275,-7.46762413069167
-0.3131880994890949,-7.465859648077837
-0.30616233749931293,-7.464130455116281
-0.2992770907493266,-7.462435846013955
-0.29252954893434,-7.460775129093676
-0.2859169579556532,-7.459147626511803
-0.2794366187965401,-7.457552673981567
-0.2730858864206092,-7.455989620501937
-0.266862168692197,-7.454457828091899
-0.25654692531835305,-7.452956671530061
-0.24643798681198598,-7.451485538099461
-0.23653122707574625,-7.450043827337472
-0.2268226025342313,-7.448630950790723
-0.21730815048354668,-7.447246331774909
-0.2079839874738757,-7.445889405139411
-0.19884630772439815,-7.4445596170366235
-0.18989138156991014,-7.443256424695892
-0.18111555393851192,-7.446487296201974
-0.17251524285974168,-7.449653550277935
-0.1640869380025468,-7.452756479272376
-0.15582719924249583,-7.45579734968693
-0.1477326552576459,-7.458777402693191
-0.13980000215249294,-7.461697854639328
-0.13202600210944304,-7.464559897546542
-0.12440748206725415,-7.4673646995956116
-0.11694133242590905,-7.4701134056036995
-0.10962450577739086,-7.472939137491626
-0.10245401566184303,-7.475708354741794
-0.09542693534860616,-7.4784221876469585
-0.08854039664163403,-7.48108174389402
-0.08179158870880134,-7.48368810901614
-0.0751777569346253,-7.486242346835818
-0.06869620179593279,-7.488745499899101
-0.062344277760014125,-7.48687058990112
-0.05793039220481383,-7.485033178103097
-0.05360478436071754,-7.483232514541035
-0.049365688673503175,-7.481467864250214
-0.045211374900033095,-7.47973850696521
-0.041140147402032416,-7.478043736825906
-0.03715034445399175,-7.4763828620893875
-0.0332403375649119,-7.474755204847599
-0.029408530813613644,-7.473160100750647
-0.02565336019734135,-7.471596898735634
-0.02197329299339451,-7.470064960760921
-0.0183668271335266,-7.468563661545703
-0.014832490590856054,-7.467092388314789
-0.01136884077903892,-7.465650540548493
-0.007974463963458129,-7.464237529737523
-0.0046479746841889494,-7.462852779142772
-0.0013880151905051544,-7.461495723559917
0.0018067451133049629,-7.4621598090887185
0.002572610211038877,-7.462810612906944
0.0033231580068181134,-7.463448400648805
0.0040586948466817645,-7.464073432635829
0.004779520949748144,-7.464685963983113
0.005485930530753195,-7.465286244703451
0.006178211920138144,-7.465874519809382
0.006856647681735394,-7.466451029413194
0.0075215147281007,-7.46701600882493
0.0081730844335387,-7.467569688648432
0.00881162274486794,-7.468112294875463
0.009437390289970595,-7.4686440489779535
0.010050642484171196,-7.469165167998394
0.010651629634487786,-7.469675864638426
0.011240597041798044,-7.4701763473456575
0.011817785100962097,-7.470666820398744
0.01238342939894287,-7.4711474839907694
0.012937760810964026,-7.471618534310954
0.01348100559474476,-7.472080163624735
0.018289385482849876,-7.474494560352241
